uniqID	chr	pos	rsID	leadSNP	gwasP	logP	r2	ld	CADD	RDB	nearestGene	func	E029	E030	E031	E032	E033	E034	E035	E036	E037	E038	E039	E040	E041	E042	E043	E044	E045	E046	E047	E048	E050	E051	E062	E115	E116	E123	E124
1:67362595:C:T	1	67362595	rs58606593	rs6656890	NA	0	1	1	15.01	7	WDR78	intronic	15	15	15	15	15	14	15	15	15	15	15	15	15	15	15	15	15	15	15	15	15	15	15	15	15	15	15
1:67392496:C:T	1	67392496	rs6666388	rs6656890	NA	0	1	1	14.89	5	MIER1	intronic	5	7	5	5	7	5	7	7	7	7	5	7	7	5	7	7	7	5	7	7	7	7	7	7	1	1	7
1:67405192:A:G	1	67405192	rs72673707	rs6656890	NA	0	1	1	4.057	6	MIER1	intronic	5	7	5	5	7	5	5	5	7	7	7	7	7	7	7	7	5	5	7	7	5	5	5	5	5	5	5
1:67408673:C:T	1	67408673	rs7555420	rs6656890	NA	0	1	1	10.87	6	MIER1	intronic	4	5	4	4	7	5	4	5	7	7	7	6	7	7	5	5	5	4	5	5	4	5	5	4	5	4	4
1:67409559:A:G	1	67409559	rs72673711	rs6656890	NA	0	1	1	3.373	5	MIER1	intronic	4	5	4	4	5	5	4	4	7	7	5	5	5	5	5	5	5	4	5	5	5	5	4	4	4	6	4
1:67416939:A:G	1	67416939	rs72673717	rs6656890	NA	0	1	1	0.053	6	MIER1	intronic	4	4	4	4	4	4	4	4	5	4	4	5	4	5	4	4	4	4	5	5	4	4	4	4	4	5	4
1:67417555:G:T	1	67417555	rs7555338	rs6656890	NA	0	1	1	4.531	4	MIER1	intronic	4	4	4	4	4	4	4	4	5	4	4	5	4	5	4	4	4	4	5	5	4	4	4	4	4	5	4
1:67417634:C:T	1	67417634	rs7555264	rs6656890	NA	0	1	1	5.203	7	MIER1	intronic	4	4	4	4	4	4	4	4	5	4	4	5	4	5	4	4	4	4	5	5	4	4	4	4	4	5	4
1:67422007:G:T	1	67422007	rs72673719	rs6656890	NA	0	1	1	5.597	7	MIER1	intronic	4	4	4	4	4	4	4	4	7	5	5	5	4	5	5	4	5	4	5	5	4	4	5	4	4	4	4
1:67437150:A:G	1	67437150	rs6661866	rs6656890	NA	0	1	1	6.997	7	MIER1	intronic	4	4	4	4	5	4	4	4	4	5	4	7	4	4	4	4	4	4	4	4	4	4	5	4	4	4	4
1:67440796:C:T	1	67440796	rs72673727	rs6656890	NA	0	1	1	6.421	6	MIER1	intronic	4	4	4	4	4	4	5	4	4	4	4	4	4	4	4	4	4	4	5	5	4	4	4	4	4	5	4
1:67446692:A:T	1	67446692	rs188964703	rs6656890	NA	0	1	1	5.14	4	MIER1	intronic	4	4	4	4	6	5	7	4	7	7	7	7	7	7	6	7	7	4	7	7	7	2	5	7	5	4	4
1:67446693:A:T	1	67446693	rs116214239	rs6656890	NA	0	1	1	6.594	4	MIER1	intronic	4	4	4	4	6	5	7	4	7	7	7	7	7	7	6	7	7	4	7	7	7	2	5	7	5	4	4
1:67446694:A:T	1	67446694	rs114686654	rs6656890	NA	0	1	1	4.601	4	MIER1	intronic	4	4	4	4	6	5	7	4	7	7	7	7	7	7	6	7	7	4	7	7	7	2	5	7	5	4	4
1:67446696:G:T	1	67446696	rs115064659	rs6656890	NA	0	1	1	4.297	4	MIER1	intronic	4	4	4	4	6	5	7	4	7	7	7	7	7	7	6	7	7	4	7	7	7	2	5	7	5	4	4
1:67454933:C:T	1	67454933	rs72673739	rs6656890	NA	0	1	1	6.951	6	MIER1	downstream	4	4	4	5	4	4	4	4	5	5	5	4	4	5	4	4	4	4	5	5	4	4	5	4	4	5	4
1:67456801:C:T	1	67456801	rs77439595	rs6656890	NA	0	1	1	0.097	5	MIER1	intergenic	5	5	5	5	4	5	5	5	5	5	5	5	5	5	5	5	5	5	5	5	5	5	5	5	5	5	5
1:67458463:A:G	1	67458463	rs6656890	rs6656890	2.2e-15	14.6575773191778	1	2	8.83	5	MIER1	intergenic	5	5	5	5	4	5	5	5	5	5	5	5	5	5	5	5	5	5	5	5	5	4	5	5	5	5	5
1:67469594:C:T	1	67469594	rs72673749	rs6656890	NA	0	1	1	0.45	7	SLC35D1	UTR3	4	5	4	4	4	4	4	4	5	5	4	5	5	5	4	4	5	4	5	5	4	4	4	4	5	5	4
1:67482550:A:G	1	67482550	rs72673758	rs6656890	NA	0	1	1	4.177	6	SLC35D1	intronic	5	5	5	5	5	5	5	5	5	5	5	5	5	5	5	5	5	4	5	5	5	4	5	5	5	5	5
1:67508832:A:G	1	67508832	rs113843670	rs6656890	NA	0	0.961737	1	0.034	7	SLC35D1	intronic	4	4	4	4	4	4	4	4	5	5	4	5	4	4	4	4	5	4	5	5	4	4	4	4	4	5	4
1:67519435:A:C	1	67519435	rs145865907	rs12061545	NA	0	0.884669	1	14.16	2b	SLC35D1	intronic	1	1	1	1	1	1	1	1	1	1	1	1	1	3	1	1	1	1	1	1	1	1	2	1	1	1	1
1:67521669:A:G	1	67521669	rs72673798	rs6656890	NA	0	0.904433	1	3.365	7	SLC35D1	intergenic	15	15	15	15	15	15	15	15	15	15	15	15	15	15	15	15	15	15	15	15	15	15	15	14	14	5	14
1:67525207:C:T	1	67525207	rs76435052	rs6656890	NA	0	0.904433	1	2.35	5	SLC35D1	intergenic	15	15	15	15	15	15	15	15	15	15	15	15	15	15	15	15	15	15	15	15	15	15	15	14	14	5	14
1:67526029:A:G	1	67526029	rs12061545	rs12061545	1.8e-08	7.74472749489669	1	2	11.64	7	SLC35D1	intergenic	15	15	15	15	15	15	15	15	15	15	15	15	15	15	15	15	15	15	15	15	15	15	15	14	14	5	15
1:67528006:A:C	1	67528006	rs12097741	rs12061545	3e-08	7.52287874528034	0.741054	1	0.078	6	SLC35D1	intergenic	15	15	15	15	15	14	15	15	15	15	15	15	15	15	15	15	15	14	15	15	15	15	15	14	14	7	15
1:67528407:A:T	1	67528407	rs66465118	rs12061545	NA	0	1	1	8.512	4	SLC35D1	intergenic	15	15	15	15	15	14	15	15	15	15	15	15	15	15	15	15	15	14	15	15	15	15	15	14	14	7	15
1:67529981:A:G	1	67529981	rs12059621	rs12061545	NA	0	0.741054	1	2.395	7	SLC35D1	intergenic	15	15	15	15	15	14	15	15	15	15	15	15	15	15	15	15	15	14	15	15	15	15	15	14	15	15	15
1:67530266:A:G	1	67530266	rs72673802	rs6656890	NA	0	0.803636	1	2.693	6	SLC35D1	intergenic	15	15	15	15	15	14	15	15	15	15	15	15	15	15	15	15	15	14	15	15	15	15	15	14	15	15	15
1:67537712:C:T	1	67537712	rs72676005	rs6656890	NA	0	0.668863	1	5.209	6	SLC35D1	intergenic	15	15	15	15	15	14	9	15	15	15	15	15	15	15	15	15	15	14	15	15	15	15	15	15	9	15	15
1:67540933:C:G	1	67540933	rs115344869	rs6656890	NA	0	0.684855	1	0.905	6	C1orf141	intergenic	15	15	15	15	15	14	15	15	15	15	15	15	15	14	15	15	15	15	15	15	15	15	15	15	15	15	15
1:67543892:A:C	1	67543892	rs564252848	rs6656890	NA	0	0.684855	1	8.583	NA	C1orf141	intergenic	15	15	15	15	15	15	15	15	15	15	15	15	15	15	15	15	15	15	15	15	15	15	15	15	15	15	15
1:67544074:A:G	1	67544074	rs72676011	rs6656890	NA	0	0.684855	1	2.257	4	C1orf141	intergenic	15	15	15	15	15	15	15	15	15	15	15	15	15	15	15	15	15	15	15	15	15	15	15	15	15	15	15
1:67555196:A:C	1	67555196	rs72676015	rs6656890	NA	0	0.684855	1	0.843	5	C1orf141	intergenic	15	15	9	9	15	15	9	15	15	15	15	14	15	15	15	15	15	15	15	15	9	9	15	15	14	5	15
1:67556757:A:G	1	67556757	rs116010613	rs6656890	NA	0	0.668863	1	1.181	7	C1orf141	intergenic	15	15	15	15	15	14	15	15	15	15	15	14	15	15	15	15	15	15	14	15	15	15	15	14	14	5	15
1:67561540:C:T	1	67561540	rs56155188	rs6656890	NA	0	0.668863	1	3.872	6	C1orf141	intronic	15	15	15	15	15	15	15	15	14	15	15	14	15	15	15	14	14	15	14	15	15	15	15	14	14	5	15
1:67561772:A:G	1	67561772	rs60552083	rs6656890	NA	0	0.668863	1	4.42	7	C1orf141	intronic	15	15	15	15	15	15	15	15	14	15	15	14	15	15	15	14	14	15	14	15	15	15	15	14	14	5	15
1:67567170:A:T	1	67567170	rs72676028	rs6656890	NA	0	0.666772	1	0.734	5	C1orf141	intronic	15	15	15	15	15	15	15	15	14	15	15	14	15	15	15	15	15	15	14	15	15	15	15	14	14	7	15
1:67572887:C:T	1	67572887	rs58147393	rs6656890	NA	0	0.650845	1	1.721	7	C1orf141	intronic	15	15	15	15	15	15	15	15	15	15	15	15	15	15	15	15	15	15	14	15	15	15	15	14	14	15	15
1:67573388:A:G	1	67573388	rs144443783	rs6656890	NA	0	0.666772	1	0.223	7	C1orf141	intronic	15	15	15	15	15	15	15	15	15	15	15	15	15	15	15	15	15	15	14	15	15	15	15	14	14	15	15
1:67573431:A:G	1	67573431	rs145201703	rs6656890	NA	0	0.666772	1	1.808	7	C1orf141	intronic	15	15	15	15	15	15	15	15	15	15	15	15	15	15	15	15	15	15	14	15	15	15	15	14	14	15	15
1:67580610:C:T	1	67580610	rs140552298	rs6656890	NA	0	0.666772	1	2.007	6	C1orf141	intronic	9	15	9	15	15	15	15	15	15	15	15	15	15	15	15	15	15	15	9	15	15	9	9	15	15	15	15
1:67585863:A:C	1	67585863	rs72676037	rs6656890	NA	0	0.666772	1	2.917	5	C1orf141	intronic	15	15	15	15	15	15	15	15	15	15	15	15	15	15	15	15	15	15	15	15	15	9	15	15	13	15	15
1:67597693:C:T	1	67597693	rs12065558	rs10889657	NA	0	0.926804	1	0.643	6	C1orf141	intronic	15	15	15	15	15	15	15	15	15	15	15	15	15	15	15	15	15	15	15	15	15	15	15	15	15	5	15
1:67598347:A:C	1	67598347	rs12569203	rs11209018	NA	0	0.663335	1	6.182	6	C1orf141	intronic	15	15	15	15	15	15	15	15	15	15	15	15	15	15	15	15	15	15	15	15	15	15	15	15	15	5	15
1:67599657:C:T	1	67599657	rs4655679	rs10889657	1.5e-24	23.8239087409443	0.931497	1	0.608	5	C1orf141	intronic	15	15	15	15	15	14	15	15	15	15	15	14	14	15	15	15	15	15	15	15	15	15	15	15	15	5	15
1:67599899:C:G	1	67599899	rs12068633	rs10889657	NA	0	0.936223	1	0.124	7	C1orf141	intronic	15	15	15	15	15	14	15	15	15	15	15	14	14	15	15	15	15	15	15	15	15	15	15	15	15	5	15
1:67600686:G:T	1	67600686	rs12044149	rs10889657	NA	0	0.766266	1	6.765	2b	C1orf141	intronic	2	2	2	11	1	11	2	2	12	2	2	11	2	2	2	1	15	12	2	1	2	2	2	15	7	5	2
1:67601115:A:G	1	67601115	rs10489631	rs11209018	2.8e-07	6.55284196865778	0.671232	1	0.104	NA	C1orf141	intronic	7	14	15	14	7	14	14	7	14	14	5	13	15	14	5	15	15	13	7	14	7	7	15	15	14	5	15
1:67601132:G:T	1	67601132	rs11209003	rs10889657	NA	0	0.94627	1	2.006	4	C1orf141	intronic	7	14	15	14	7	14	14	7	14	14	5	13	15	14	5	15	15	13	7	14	7	7	15	15	14	5	15
1:67603343:C:T	1	67603343	rs6588242	rs11209018	NA	0	0.618944	1	0.585	4	C1orf141	intronic	15	14	15	15	5	15	15	15	14	14	15	14	15	15	5	15	15	14	15	14	15	15	15	15	14	7	15
1:67603383:A:C	1	67603383	rs6588243	rs11209018	NA	0	0.618944	1	1.441	4	C1orf141	intronic	15	14	15	15	5	15	15	15	14	14	15	14	15	15	5	15	15	14	15	14	15	15	15	15	14	7	15
1:67603399:C:T	1	67603399	rs7543257	rs11209018	NA	0	0.669693	1	6.702	5	C1orf141	intronic	15	14	15	15	5	15	15	15	14	14	15	14	15	15	5	15	15	14	15	14	15	15	15	15	14	7	15
1:67604219:C:T	1	67604219	rs12060309	rs10889657	NA	0	0.951089	1	0.025	6	C1orf141	intronic	15	15	15	15	5	15	15	15	14	14	15	14	15	15	5	15	15	14	15	14	15	15	15	15	14	7	15
1:67605134:C:T	1	67605134	rs10789224	rs10889657	1.2e-25	24.9208187539524	0.985183	1	2.446	3a	C1orf141	intronic	15	15	15	15	5	15	15	15	14	14	15	14	15	15	5	15	15	15	15	14	15	15	15	15	14	7	15
1:67606139:C:T	1	67606139	rs1158199	rs11209018	NA	0	0.683203	1	1.213	NA	C1orf141	intronic	15	15	15	15	5	15	15	15	15	14	5	14	15	15	5	15	15	15	15	14	15	15	15	15	14	5	15
1:67607082:C:G	1	67607082	rs9729046	rs10889657	NA	0	0.867185	1	3.312	7	C1orf141	intronic	15	15	15	15	5	15	15	15	15	5	7	14	15	15	5	15	15	15	15	7	15	15	15	15	14	5	15
1:67607135:G:T	1	67607135	rs736197	rs10889657	NA	0	0.86394	1	0.571	6	C1orf141	intronic	15	15	15	15	5	15	15	15	15	5	7	14	15	15	5	15	15	15	15	7	15	15	15	15	14	5	15
1:67609347:A:G	1	67609347	rs963427	rs10889657	NA	0	0.871324	1	4.915	NA	C1orf141	intronic	15	15	15	15	2	7	15	15	7	2	7	7	7	7	7	7	5	7	7	7	15	15	7	14	14	7	15
1:67609446:A:G	1	67609446	rs7539795	rs11209018	3.2e-08	7.49485002168009	0.683203	1	2.414	5	C1orf141	intronic	15	15	15	15	7	7	15	15	7	7	7	7	7	7	7	7	5	5	7	7	15	15	7	14	14	5	15
1:67610639:A:C	1	67610639	rs7520667	rs11209018	NA	0	0.683203	1	3.829	2b	C1orf141	intronic	15	15	15	15	7	7	15	15	5	7	7	7	7	7	5	5	5	5	5	5	15	15	5	14	5	5	15
1:67610967:C:T	1	67610967	rs4655682	rs10889657	NA	0	0.867185	1	4.566	7	C1orf141	intronic	15	15	15	15	5	7	15	15	5	5	7	5	7	7	5	5	5	5	5	5	15	15	5	14	5	5	15
1:67611613:A:G	1	67611613	rs4655683	rs10889657	3.3e-21	20.4814860601221	0.859859	1	3.967	7	C1orf141	intronic	15	15	15	15	7	7	15	15	5	5	7	5	7	7	7	5	5	5	5	5	15	15	5	14	5	5	15
1:67611772:C:T	1	67611772	rs4655684	rs10889657	NA	0	0.867185	1	0.845	6	C1orf141	intronic	15	15	15	15	7	7	15	15	5	5	7	5	7	7	7	5	5	5	5	5	15	15	5	14	5	5	15
1:67611799:C:T	1	67611799	rs6588245	rs11209018	2.5e-08	7.60205999132796	0.683203	1	4.468	5	C1orf141	intronic	15	15	15	15	7	7	15	15	5	5	7	5	7	7	7	5	5	5	5	5	15	15	5	14	5	5	15
1:67612216:C:T	1	67612216	rs6588246	rs11209018	NA	0	0.683203	1	3.189	6	C1orf141	intronic	15	15	15	15	7	5	15	15	5	5	5	5	7	7	7	5	5	5	5	5	15	15	5	14	5	5	15
1:67613932:A:G	1	67613932	rs11209004	rs10889657	NA	0	1	1	1.984	7	C1orf141	intronic	15	15	15	15	5	5	15	15	5	5	5	5	5	5	5	5	5	5	5	5	15	15	5	14	5	5	15
1:67615487:C:T	1	67615487	rs10889657	rs10889657	1.3e-26	25.8860566476932	1	2	0.604	7	C1orf141	intronic	15	15	15	15	15	14	15	14	15	15	15	15	15	15	15	15	15	15	15	15	14	14	14	14	15	15	15
1:67616170:A:G	1	67616170	rs1812491	rs10889657	NA	0	0.880351	1	0.135	7	C1orf141	intronic	15	15	15	15	15	14	15	14	15	15	15	15	15	15	15	15	15	15	15	15	14	13	14	14	15	15	15
1:67617346:C:G	1	67617346	rs2902439	rs11209018	NA	0	0.684756	1	0.942	6	C1orf141	intronic	15	15	15	15	15	14	15	14	15	15	15	15	15	15	15	15	15	15	15	15	14	13	14	14	15	15	15
1:67617594:C:G	1	67617594	rs12079083	rs10889657	NA	0	0.8688	1	2.781	7	C1orf141	intronic	15	15	15	15	15	14	15	14	15	15	15	15	15	15	15	15	15	15	15	15	14	13	14	14	15	15	15
1:67617756:A:G	1	67617756	rs2863204	rs11209018	NA	0	0.687791	1	11.11	5	C1orf141	intronic	15	15	15	15	15	14	15	14	15	15	15	15	15	15	15	15	15	15	15	15	14	13	14	14	15	15	15
1:67618678:A:G	1	67618678	rs11209005	rs10889657	1.5e-26	25.8239087409443	1	1	6.331	7	C1orf141	intronic	15	15	15	14	15	14	15	14	15	15	15	15	15	15	15	15	15	15	15	15	14	13	14	14	15	15	14
1:67619259:G:T	1	67619259	rs11209006	rs10889657	NA	0	0.8688	1	0.428	6	C1orf141	intronic	15	15	15	14	15	14	15	14	15	15	15	15	15	15	15	15	15	15	15	15	14	14	14	14	15	15	14
1:67619345:C:G	1	67619345	rs11209007	rs10889657	NA	0	0.8688	1	0.615	7	C1orf141	intronic	15	15	15	14	15	14	15	14	15	15	15	15	15	15	15	15	15	15	15	15	14	14	14	14	15	15	14
1:67620144:G:T	1	67620144	rs4655685	rs10889657	NA	0	0.880351	1	8.041	6	C1orf141	intronic	15	15	15	14	15	14	15	14	15	15	15	15	15	15	15	15	15	15	15	15	14	14	14	14	15	15	14
1:67620924:C:G	1	67620924	rs10889658	rs10889657	NA	0	0.876196	1	6.25	6	C1orf141	intronic	15	15	15	14	15	14	15	14	15	15	15	15	15	15	15	15	15	15	15	15	14	14	14	14	15	15	14
1:67621097:A:C	1	67621097	rs10789225	rs10889657	NA	0	1	1	2.399	7	C1orf141	intronic	15	15	15	14	15	14	15	14	15	15	15	15	15	15	15	15	15	15	14	15	14	14	14	14	15	15	14
1:67622192:G:T	1	67622192	rs2180295	rs11209018	NA	0	0.687791	1	3.571	5	C1orf141	intronic	15	15	15	14	15	14	15	14	15	15	15	15	15	15	15	15	15	15	14	15	14	13	14	14	15	15	14
1:67622814:A:G	1	67622814	rs12755265	rs11209018	NA	0	0.687791	1	1.806	5	C1orf141	intronic	15	15	15	14	15	14	15	14	15	15	15	15	15	15	15	15	15	15	14	15	14	13	14	14	15	15	14
1:67623728:A:G	1	67623728	rs10789226	rs10889657	NA	0	0.8688	1	2.381	6	C1orf141	intronic	15	15	15	14	15	14	15	14	15	15	15	15	15	15	15	15	15	15	14	15	14	14	14	14	15	15	14
1:67623874:A:G	1	67623874	rs10889660	rs10889657	NA	0	1	1	5.838	7	C1orf141	intronic	15	15	15	14	15	14	15	14	15	15	15	15	15	15	15	15	15	15	14	15	14	14	14	14	15	15	14
1:67624231:A:G	1	67624231	rs12029362	rs10889657	NA	0	0.995055	1	7.905	5	C1orf141	intronic	15	15	15	14	15	14	15	14	15	15	15	15	15	7	15	15	15	15	14	15	14	14	14	14	9	15	14
1:67624304:C:T	1	67624304	rs12043240	rs10889657	NA	0	0.872063	1	4.122	5	C1orf141	intronic	15	15	15	14	15	14	15	14	15	15	15	15	15	7	15	15	15	15	14	15	14	14	14	14	9	15	14
1:67625309:A:T	1	67625309	rs10889661	rs10889657	NA	0	0.872063	1	4.66	7	C1orf141	intronic	15	15	15	14	15	14	15	14	15	15	15	15	7	7	15	15	15	15	15	15	14	14	14	14	9	15	14
1:67627260:C:T	1	67627260	rs12041056	rs12041056	2.7e-08	7.56863623584101	1	2	0.25	7	C1orf141	intronic	15	15	15	15	15	14	15	14	15	15	15	15	5	5	15	15	15	15	15	15	14	14	14	14	15	15	14
1:67627620:C:T	1	67627620	rs12030867	rs10889657	NA	0	0.872063	1	13.38	6	C1orf141	intronic	15	15	15	15	15	14	15	14	15	15	15	15	5	5	15	15	15	15	15	15	14	14	14	14	15	15	14
1:67627681:A:C	1	67627681	rs72676058	rs10889657	NA	0	0.99014	1	6.926	6	C1orf141	intronic	15	15	15	15	15	14	15	14	15	15	15	15	5	5	15	15	15	15	15	15	14	14	14	14	15	15	14
1:67628935:C:T	1	67628935	rs2863207	rs11209018	NA	0	0.692747	1	1.238	4	C1orf141	intronic	15	15	15	15	15	14	15	14	5	7	15	14	5	7	15	5	15	15	15	15	14	13	14	14	7	7	14
1:67629469:A:G	1	67629469	rs4655524	rs10889657	NA	0	0.863864	1	2.34	5	C1orf141	intronic	15	15	15	15	15	14	15	14	5	14	15	14	5	7	15	5	15	5	15	15	14	13	14	14	5	15	14
1:67631262:C:T	1	67631262	rs6682925	rs11209018	1.8e-08	7.74472749489669	0.695814	1	1.172	6	C1orf141	intronic	15	15	15	15	15	14	14	13	5	15	15	13	5	7	15	5	7	5	15	15	13	13	14	14	7	15	14
1:67631333:C:T	1	67631333	rs6683039	rs11209018	3.6e-09	8.44369749923271	0.695814	1	1.918	5	C1orf141	intronic	15	15	15	15	15	14	14	13	5	15	15	13	5	7	15	5	7	5	15	15	13	13	14	14	7	15	14
1:67631423:C:T	1	67631423	rs11465753	rs10889657	NA	0	0.8688	1	0.043	4	C1orf141	intronic	15	15	15	15	15	14	14	13	5	15	15	13	5	2	15	5	15	5	15	15	13	13	14	14	7	15	14
1:67631431:A:G	1	67631431	rs11465754	rs10889657	NA	0	0.860669	1	0.123	4	C1orf141	intronic	15	15	15	15	15	14	14	13	5	15	15	13	5	2	15	5	15	5	15	15	13	13	14	14	7	15	14
1:67633812:G:T	1	67633812	rs1884444	rs11209018	3.8e-08	7.42021640338319	0.71672	1	16.92	7	IL23R	exonic	14	15	15	15	15	14	14	14	5	15	15	14	5	1	15	5	14	1	15	15	13	13	14	14	5	15	14
1:67634591:C:T	1	67634591	rs2015501	rs12041056	NA	0	0.928866	1	1.724	NA	IL23R:C1orf141	intronic:intronic	14	15	15	15	7	14	14	14	5	15	15	14	5	1	15	5	14	1	15	15	13	13	14	14	5	15	14
1:67635475:C:T	1	67635475	rs10889664	rs10889657	NA	0	0.853552	1	7.019	4	IL23R:C1orf141	intronic:intronic	14	15	15	15	7	14	14	14	7	7	7	7	7	2	7	5	14	5	7	7	13	13	14	14	5	15	14
1:67635950:A:G	1	67635950	rs2295359	rs10889657	NA	0	0.853552	1	5.6	5	IL23R:C1orf141	intronic:intronic	14	15	15	15	7	7	14	14	7	7	7	7	7	2	7	7	7	5	7	7	13	13	14	7	5	15	14
1:67638004:A:T	1	67638004	rs4655686	rs10889657	NA	0	0.985252	1	5.282	3a	IL23R:C1orf141	intronic:intronic	15	15	15	15	7	7	14	14	7	7	7	7	7	7	7	7	7	15	7	7	13	13	15	12	7	15	14
1:67638291:C:T	1	67638291	rs6671221	rs11209018	NA	0	0.710488	1	1.332	6	IL23R:C1orf141	intronic:intronic	15	15	15	15	7	7	14	14	7	7	7	7	7	7	7	7	7	15	7	7	13	13	15	14	7	15	15
1:67642223:A:G	1	67642223	rs7532161	rs11209018	1.3e-09	8.88605664769316	0.648835	1	11.19	7	IL23R:C1orf141	intronic:intronic	15	15	15	15	15	15	14	15	15	15	15	15	15	15	15	15	15	15	15	15	14	13	15	14	15	15	15
1:67642460:A:C	1	67642460	rs7554898	rs11209018	NA	0	0.710488	1	2.762	6	IL23R:C1orf141	intronic:intronic	15	15	15	15	15	15	14	15	15	15	15	15	15	15	15	15	15	15	15	15	14	13	15	14	15	15	15
1:67644173:C:G	1	67644173	rs6660812	rs11209018	NA	0	0.650362	1	0.605	7	IL23R:C1orf141	intronic:intronic	15	15	15	15	15	15	14	15	15	15	15	15	15	15	15	15	15	15	15	15	14	14	15	15	15	15	15
1:67644713:G:T	1	67644713	rs10889666	rs10889657	NA	0	0.985252	1	7.059	6	IL23R:C1orf141	intronic:intronic	15	15	15	15	15	15	15	15	15	15	15	15	15	15	15	15	15	15	15	15	14	14	15	15	15	15	15
1:67646270:C:T	1	67646270	rs188233289	rs10889657	NA	0	0.980501	1	3.5	7	IL23R:C1orf141	intronic:intronic	15	15	15	15	14	15	15	15	15	15	15	15	15	15	15	15	15	15	15	15	14	14	15	15	15	15	15
1:67646707:C:T	1	67646707	rs11209012	rs10889657	NA	0	0.985252	1	4.211	6	IL23R:C1orf141	intronic:intronic	15	15	15	15	14	15	15	15	15	15	15	15	15	15	15	15	15	15	15	15	14	9	15	15	15	15	15
1:67648294:C:T	1	67648294	rs11465788	rs11209018	NA	0	0.711599	1	2.146	7	IL23R:C1orf141	intronic:intronic	9	15	9	15	14	15	9	9	15	15	15	15	15	15	15	15	15	15	15	15	9	9	15	15	9	15	15
1:67649196:C:T	1	67649196	rs7532009	rs10889657	NA	0	0.980393	1	1.17	7	IL23R:C1orf141	intronic:intronic	15	15	15	15	14	15	9	14	15	15	15	15	15	15	15	15	15	15	15	15	14	14	15	9	15	15	15
1:67649700:C:T	1	67649700	rs12095335	rs10889657	NA	0	0.980393	1	0.321	6	IL23R:C1orf141	intronic:intronic	15	15	15	15	14	15	15	14	15	15	15	15	15	15	15	15	15	15	15	15	14	14	15	14	15	15	15
1:67649905:A:G	1	67649905	rs4655525	rs10889657	NA	0	0.985252	1	1.039	7	IL23R:C1orf141	intronic:intronic	15	15	15	15	14	15	15	14	15	15	15	15	15	15	15	15	15	15	15	15	14	14	15	14	15	15	15
1:67649946:C:T	1	67649946	rs4655687	rs10889657	NA	0	0.985252	1	1.824	7	IL23R:C1orf141	intronic:intronic	15	15	15	15	14	15	15	14	15	15	15	15	15	15	15	15	15	15	15	15	14	14	15	14	15	15	15
1:67652012:A:G	1	67652012	rs56920441	rs10889657	NA	0	0.975563	1	2.441	6	IL23R:C1orf141	intronic:intronic	15	15	15	15	14	15	15	14	15	15	15	15	15	15	15	15	15	15	15	15	14	14	15	14	15	15	15
1:67652984:G:T	1	67652984	rs6588248	rs11209018	2.3e-08	7.63827216398241	0.710488	1	11.9	6	IL23R:C1orf141	intronic:intronic	15	15	15	15	14	15	15	14	15	15	15	15	15	15	15	15	15	15	15	15	14	14	15	14	15	15	15
1:67653010:A:G	1	67653010	rs2064689	rs10889657	9.9e-26	25.0043648054024	0.985252	1	10.51	7	IL23R:C1orf141	intronic:intronic	15	15	15	15	14	15	15	14	15	15	15	15	15	15	15	15	15	15	15	15	14	14	15	14	15	15	15
1:67654110:A:G	1	67654110	rs1321157	rs11209018	7.4e-09	8.13076828026902	0.710488	1	3.436	4	IL23R:C1orf141	intronic:intronic	15	15	15	15	14	15	15	14	15	15	15	15	15	7	15	15	15	15	15	15	14	14	15	14	15	7	15
1:67655147:A:G	1	67655147	rs17375018	rs10889657	5.6e-26	25.2518119729938	0.980501	1	10.77	7	IL23R:C1orf141	intronic:intronic	15	15	15	15	14	15	15	14	15	15	15	15	15	7	15	15	15	15	15	15	14	14	15	14	15	5	15
1:67655895:C:T	1	67655895	rs6664119	rs11209018	4.2e-09	8.3767507096021	0.713598	1	3.067	4	IL23R:C1orf141	intronic:intronic	15	15	15	15	7	15	15	14	15	7	15	5	7	2	15	7	15	15	15	15	14	13	15	14	7	7	15
1:67655954:A:G	1	67655954	rs6688383	rs10889657	1.4e-26	25.8538719643218	0.980501	1	0.44	4	IL23R:C1orf141	intronic:intronic	15	15	15	15	7	15	15	14	15	7	15	5	7	2	15	7	15	15	15	15	14	13	15	14	7	7	15
1:67656286:A:G	1	67656286	rs11209013	rs11209018	NA	0	0.713598	1	1.502	5	IL23R:C1orf141	intronic:intronic	15	15	15	15	14	15	15	14	15	5	15	5	7	7	15	7	15	15	15	15	14	13	15	14	7	7	15
1:67656931:C:G	1	67656931	rs12401432	rs10889657	NA	0	0.980501	1	3.44	4	IL23R:C1orf141	intronic:intronic	15	15	15	15	14	15	14	14	7	5	15	7	5	7	15	5	15	15	15	15	14	13	15	13	7	7	15
1:67658803:A:G	1	67658803	rs72676067	rs10889657	NA	0	0.980501	1	5.604	3a	IL23R:C1orf141	intronic:intronic	15	15	15	15	14	7	13	13	7	5	15	7	7	7	5	7	15	15	15	7	14	13	15	14	7	7	15
1:67658954:C:T	1	67658954	rs72676069	rs10889657	NA	0	0.980501	1	0.314	5	IL23R:C1orf141	intronic:intronic	15	15	15	15	14	7	13	13	7	5	15	7	7	7	5	7	15	15	15	7	14	13	15	14	7	7	15
1:67661041:A:T	1	67661041	rs6656929	rs10889657	NA	0	0.704068	1	0.103	5	IL23R:C1orf141	intronic:intronic	15	15	15	15	7	7	14	14	7	7	7	7	7	7	7	7	7	7	7	7	14	13	15	14	7	15	15
1:67662622:A:C	1	67662622	rs10489630	rs10889657	NA	0	0.613737	1	0.377	NA	IL23R:C1orf141	intronic:intronic	15	15	15	15	15	14	14	13	15	7	15	15	15	7	15	15	15	7	15	15	13	13	15	14	15	15	15
1:67664491:A:G	1	67664491	rs4655527	rs10889657	NA	0	0.625859	1	0.113	6	IL23R:C1orf141	intronic:intronic	15	15	15	15	15	14	14	14	15	15	15	15	15	5	15	15	15	15	15	15	13	13	15	14	15	15	15
1:67664840:C:G	1	67664840	rs58621044	rs10889657	NA	0	0.625859	1	0.013	7	IL23R:C1orf141	intronic:intronic	15	15	15	15	15	14	15	14	15	15	15	15	15	5	15	15	15	15	15	15	13	13	15	14	15	15	15
1:67665543:A:G	1	67665543	rs7556198	rs10889657	NA	0	0.625859	1	0.73	7	IL23R:C1orf141	intronic:intronic	15	15	15	15	15	14	15	14	15	15	15	15	15	5	15	15	15	15	15	15	14	14	15	14	15	15	15
1:67665785:C:T	1	67665785	rs7545884	rs10889657	NA	0	0.625859	1	0.374	6	IL23R:C1orf141	intronic:intronic	15	15	15	15	15	14	15	14	15	15	15	15	15	5	15	15	15	15	15	15	14	14	15	14	15	15	15
1:67665815:C:T	1	67665815	rs11465793	rs10889657	NA	0	0.625859	1	0.114	7	IL23R:C1orf141	intronic:intronic	15	15	15	15	15	14	15	14	15	15	15	15	15	5	15	15	15	15	15	15	14	14	15	14	15	15	15
1:67665911:A:G	1	67665911	rs11465794	rs10889657	NA	0	0.63024	1	2.58	7	IL23R:C1orf141	intronic:intronic	15	15	15	15	15	14	15	14	15	15	15	15	15	5	15	15	15	15	15	15	14	14	15	14	15	15	15
1:67665997:C:T	1	67665997	rs11465796	rs10889657	NA	0	0.625859	1	2.467	6	IL23R:C1orf141	intronic:intronic	15	15	15	15	15	14	15	14	15	15	15	15	15	5	15	15	15	15	15	15	14	14	15	14	15	15	15
1:67667291:A:G	1	67667291	rs11209018	rs11209018	1.2e-20	19.9208187539524	1	2	0.961	7	IL23R:C1orf141	intronic:intronic	15	15	15	15	15	14	15	14	15	15	15	15	15	5	15	15	15	15	15	15	14	14	15	14	9	15	15
1:67667876:G:T	1	67667876	rs4614232	rs10889657	NA	0	0.625859	1	2.186	4	IL23R:C1orf141	intronic:intronic	15	15	15	15	15	14	15	14	15	15	15	15	15	5	15	15	15	15	15	15	14	14	15	14	15	15	15
1:67667936:A:G	1	67667936	rs1977160	rs10889657	NA	0	0.629001	1	2.146	5	IL23R:C1orf141	intronic:intronic	15	15	15	15	15	14	15	14	15	15	15	15	15	5	15	15	15	15	15	15	14	14	15	14	15	15	15
1:67668537:C:G	1	67668537	rs1004821	rs10889657	NA	0	0.629001	1	0.067	7	IL23R:C1orf141	intronic:intronic	15	15	15	15	15	14	15	14	15	15	15	15	15	5	15	15	15	15	15	15	14	14	15	14	15	15	15
1:67668551:A:T	1	67668551	rs1004822	rs10889657	NA	0	0.625859	1	0.708	7	IL23R:C1orf141	intronic:intronic	15	15	15	15	15	14	15	14	15	15	15	15	15	5	15	15	15	15	15	15	14	14	15	14	15	15	15
1:67668970:C:T	1	67668970	rs6588249	rs11805303	NA	0	0.612122	1	0.435	7	IL23R:C1orf141	intronic:intronic	15	15	15	15	15	14	15	14	15	15	15	15	15	5	15	15	15	15	15	15	14	14	15	14	15	15	15
1:67669634:C:G	1	67669634	rs11580078	rs7517847	NA	0	0.930419	1	4.395	6	IL23R:C1orf141	intronic:intronic	15	15	15	15	15	14	15	14	5	15	15	15	15	5	15	15	15	15	15	15	14	14	15	14	15	15	15
1:67670133:G:T	1	67670133	rs1004820	rs7517847	NA	0	0.966401	1	4.175	NA	IL23R:C1orf141	intronic:intronic	15	15	15	15	15	14	15	15	5	15	15	15	15	5	15	15	15	15	15	15	14	14	15	14	15	15	15
1:67670213:A:G	1	67670213	rs1004819	rs11805303	1.1e-46	45.9586073148418	0.960687	1	1.429	NA	IL23R:C1orf141	intronic:intronic	15	15	15	15	15	14	15	15	5	15	15	15	15	5	15	15	15	15	15	15	14	14	15	14	15	15	15
1:67670755:C:T	1	67670755	rs12564022	rs11805303	NA	0	0.960687	1	0.256	7	IL23R:C1orf141	intronic:intronic	15	15	15	15	15	14	15	15	5	15	15	15	15	5	15	15	15	15	15	15	14	14	15	14	15	15	15
1:67670768:C:T	1	67670768	rs2863210	rs7517847	NA	0	0.966401	1	5.335	7	IL23R:C1orf141	intronic:intronic	15	15	15	15	15	14	15	15	5	15	15	15	15	5	15	15	15	15	15	15	14	14	15	14	15	15	15
1:67670916:A:G	1	67670916	rs2902440	rs7517847	NA	0	0.970125	1	3.036	6	IL23R:C1orf141	intronic:intronic	15	15	15	15	15	14	15	15	5	15	15	15	15	5	15	15	15	15	15	15	14	14	15	14	15	15	15
1:67672765:A:G	1	67672765	rs7539625	rs11805303	6.9e-48	47.1611509092627	0.980362	1	5.376	6	IL23R:C1orf141	intronic:intronic	15	15	15	15	15	14	15	15	5	15	15	15	15	5	15	15	15	15	15	15	14	14	15	15	15	2	15
1:67672911:C:T	1	67672911	rs7539643	rs11805303	NA	0	0.980362	1	5.651	7	IL23R:C1orf141	intronic:intronic	15	15	15	15	15	14	15	15	5	15	15	15	15	5	15	15	15	15	15	15	14	14	15	15	15	2	15
1:67673121:C:T	1	67673121	rs7542066	rs11805303	NA	0	0.995085	1	0.98	3a	IL23R:C1orf141	intronic:intronic	15	15	15	15	15	14	15	15	5	15	15	15	15	5	15	15	15	15	15	15	14	14	15	15	15	2	15
1:67674284:C:T	1	67674284	rs12075103	rs11805303	NA	0	1	1	0.247	6	IL23R:C1orf141	intronic:intronic	15	15	15	15	15	14	15	15	5	15	15	15	15	5	15	15	15	15	15	15	15	15	15	15	15	1	15
1:67675516:C:T	1	67675516	rs11805303	rs11805303	2.3e-48	47.6382721639824	1	2	2.22	5	IL23R:C1orf141	intronic:intronic	15	15	15	15	15	14	15	15	5	15	15	15	15	5	15	15	15	15	15	15	15	15	15	15	15	1	15
1:67675728:G:T	1	67675728	rs10889669	rs11805303	NA	0	1	1	3.733	5	IL23R:C1orf141	intronic:intronic	15	15	15	15	15	14	15	15	5	7	15	15	15	5	15	15	15	15	15	15	15	15	15	15	15	1	15
1:67679990:A:G	1	67679990	rs2019262	rs7517847	NA	0	0.996266	1	0.5	NA	IL23R:C1orf141	intronic:intronic	15	15	15	15	15	14	15	15	15	15	15	15	15	5	15	15	15	5	15	15	15	15	15	15	2	5	15
1:67681669:G:T	1	67681669	rs7517847	rs7517847	1.6e-53	52.7958800173441	1	2	3.329	7	IL23R:C1orf141	intronic:intronic	15	15	15	15	15	14	15	15	15	15	15	15	15	5	15	15	15	15	15	15	15	15	15	15	8	5	15
1:67682196:A:G	1	67682196	rs11576518	rs7517847	NA	0	0.996285	1	5.67	5	IL23R:C1orf141	intronic:intronic	15	15	15	15	15	14	15	15	15	15	15	15	15	5	15	15	15	15	15	15	15	15	15	15	9	7	15
1:67684934:C:T	1	67684934	rs4385674	rs11209026	NA	0	0.8487	1	2.919	6	IL23R:C1orf141	intronic:intronic	15	15	15	15	15	14	15	15	15	15	15	15	15	15	15	15	15	15	15	15	15	15	15	15	15	5	15
1:67685443:A:G	1	67685443	rs7518660	rs7517847	3.1e-35	34.5086383061657	0.698073	1	0.653	5	IL23R:C1orf141	intronic:intronic	15	15	15	15	15	14	15	15	15	15	15	15	15	15	15	15	15	15	15	15	15	15	15	15	15	5	15
1:67685598:A:C	1	67685598	rs11465802	rs11805303	NA	0	0.787695	1	2.224	5	IL23R:C1orf141	intronic:intronic	15	15	15	15	15	14	15	15	15	15	15	15	15	15	15	15	15	15	15	15	15	15	15	15	15	5	15
1:67685948:A:G	1	67685948	rs11209023	rs7517847	NA	0	0.69497	1	2	7	IL23R:C1orf141	intronic:intronic	15	15	15	15	15	14	15	15	15	15	15	15	15	15	15	15	15	15	15	15	15	15	15	15	15	5	15
1:67687064:C:T	1	67687064	rs10789228	rs7517847	NA	0	0.69497	1	1.19	5	IL23R:C1orf141	intronic:intronic	15	15	15	15	15	14	15	15	15	15	15	15	15	15	15	15	15	15	15	15	15	15	15	15	15	5	15
1:67687692:A:T	1	67687692	rs35427944	rs11805303	NA	0	0.787695	1	4.954	6	IL23R:C1orf141	intronic:intronic	15	15	15	15	15	14	15	15	15	15	15	15	15	15	15	15	15	15	15	15	15	15	15	15	15	5	15
1:67688349:C:T	1	67688349	rs10489629	rs7517847	1.2e-35	34.9208187539524	0.661168	1	2.442	NA	IL23R:C1orf141	intronic:intronic	15	15	15	15	15	14	15	15	15	15	15	15	15	15	15	15	15	15	15	15	15	15	15	15	15	5	15
1:67689608:A:G	1	67689608	rs41396545	rs1343151	NA	0	0.920022	1	5.907	6	IL23R:C1orf141	intronic:intronic	15	15	15	15	15	14	15	15	15	15	15	15	15	15	15	15	15	15	15	15	15	15	15	14	15	5	15
1:67690755:A:G	1	67690755	rs61781387	rs1343151	NA	0	0.713673	1	12.4	5	IL23R:C1orf141	intronic:intronic	15	15	15	15	15	14	15	15	15	15	15	15	15	15	15	15	15	15	15	15	15	15	15	14	15	4	15
1:67691772:A:G	1	67691772	rs7543633	rs7517847	NA	0	0.661168	1	1.118	7	IL23R:C1orf141	intronic:intronic	15	15	15	15	15	14	15	15	15	15	15	15	15	15	15	15	15	7	15	15	15	15	15	14	15	4	15
1:67692132:C:G	1	67692132	rs7523955	rs7517847	NA	0	0.661168	1	0.292	7	IL23R:C1orf141	intronic:intronic	15	15	15	15	15	7	15	15	15	15	15	15	15	15	15	15	15	7	15	15	15	15	15	14	15	4	15
1:67693022:A:G	1	67693022	rs11209025	rs7517847	NA	0	0.658005	1	2.754	2b	IL23R:C1orf141	intronic:intronic	15	15	15	15	15	15	15	15	15	15	15	15	15	15	15	15	15	7	15	15	15	15	15	14	9	5	15
1:67693235:C:T	1	67693235	rs56299031	rs1343151	NA	0	0.716443	1	6.323	5	IL23R:C1orf141	intronic:intronic	15	15	15	15	15	15	15	15	15	15	15	15	15	15	15	15	15	5	15	15	15	15	15	14	9	5	15
1:67694202:A:G	1	67694202	rs2201841	rs11805303	2.1e-41	40.6777807052661	0.747683	1	6.211	7	IL23R:C1orf141	intronic:intronic	15	15	15	15	15	15	15	15	15	15	15	15	15	15	15	15	15	7	15	15	15	15	15	14	9	5	15
1:67695044:A:G	1	67695044	rs7553336	rs1343151	NA	0	0.716443	1	0.843	6	IL23R:C1orf141	intronic:intronic	15	15	15	15	15	15	15	15	15	15	15	15	15	15	15	15	15	7	15	15	15	15	15	14	9	5	15
1:67695379:C:G	1	67695379	rs77319898	rs11209026	NA	0	0.802781	1	0.704	6	IL23R:C1orf141	intronic:intronic	15	15	15	15	15	15	15	15	15	15	15	15	15	15	15	15	15	15	15	15	15	15	15	14	9	5	15
1:67695398:G:T	1	67695398	rs12030107	rs11805303	NA	0	0.755122	1	1.664	7	IL23R:C1orf141	intronic:intronic	15	15	15	15	15	15	15	15	15	15	15	15	15	15	15	15	15	15	15	15	15	15	15	14	9	5	15
1:67696547:A:G	1	67696547	rs12031203	rs11805303	NA	0	0.745462	1	3.354	4	IL23R:C1orf141	intronic:intronic	15	15	15	15	15	15	15	15	15	15	15	15	15	15	15	15	15	15	15	15	15	15	15	14	15	5	15
1:67697069:A:G	1	67697069	rs75328060	rs11209026	NA	0	0.819344	1	6.774	6	IL23R:C1orf141	intronic:intronic	15	15	15	15	15	15	15	15	15	15	15	15	15	15	15	15	15	15	15	15	15	15	15	14	15	5	15
1:67697219:C:G	1	67697219	rs60041079	rs1343151	NA	0	0.724136	1	2.319	5	IL23R:C1orf141	intronic:intronic	15	15	15	15	15	15	15	15	15	15	15	15	15	15	15	15	15	15	15	15	15	15	15	14	15	5	15
1:67697633:G:T	1	67697633	rs6686950	rs11805303	NA	0	0.745462	1	0.007	6	IL23R	intronic	15	15	15	15	15	15	15	15	15	15	15	15	15	15	15	15	15	15	15	15	15	15	15	14	15	5	15
1:67697869:C:T	1	67697869	rs78254060	rs11209026	NA	0	0.819344	1	4.801	7	IL23R	intronic	15	15	15	15	15	15	15	15	15	15	15	15	15	15	15	15	15	15	15	15	15	15	15	14	15	5	15
1:67698909:C:T	1	67698909	rs4655529	rs11805303	NA	0	0.745462	1	0.432	7	IL23R	intronic	15	15	14	15	15	15	15	15	15	15	15	15	15	15	15	15	15	15	15	15	15	15	15	14	15	5	15
1:67699915:A:C	1	67699915	rs79755370	rs11209026	NA	0	0.982903	1	3.69	4	IL23R	intronic	15	15	14	15	15	15	15	15	15	15	15	15	15	15	15	15	15	15	15	15	15	15	15	14	15	5	15
1:67700439:G:T	1	67700439	rs112949081	rs1343151	NA	0	0.724136	1	0.935	6	IL23R	intronic	15	15	14	15	15	15	15	15	15	15	15	15	15	15	15	15	15	15	15	15	15	15	15	14	15	5	15
1:67701765:G:T	1	67701765	rs12030948	rs12030948	4e-08	7.39794000867204	1	2	2.815	5	IL23R	intronic	15	15	15	15	15	15	15	15	15	15	15	15	15	15	15	15	15	15	15	15	15	15	15	14	15	5	15
1:67702526:G:T	1	67702526	rs11465804	rs11209026	5.1e-57	56.2924298239021	0.903326	1	2.398	6	IL23R	intronic	15	15	15	15	15	15	15	15	15	15	15	15	15	15	15	15	15	15	15	15	15	15	15	14	15	4	15
1:67703185:A:C	1	67703185	rs11465810	rs1343151	NA	0	0.724136	1	4.478	6	IL23R	intronic	15	15	15	15	15	15	15	15	15	15	15	15	15	15	15	15	15	15	15	15	15	15	15	14	15	4	15
1:67704332:A:C	1	67704332	rs1343152	rs12030948	NA	0	0.995722	1	3.559	6	IL23R	intronic	15	15	15	15	15	15	15	15	15	15	15	15	15	15	15	15	15	15	15	15	15	15	15	14	15	5	15
1:67705958:A:G	1	67705958	rs11209026	rs11209026	9.9e-65	64.0043648054024	1	2	32	7	IL23R	exonic	15	15	15	15	15	15	15	15	15	15	15	15	15	15	15	15	15	15	15	15	15	15	15	15	15	5	15
1:67706309:C:T	1	67706309	rs41313260	rs1343151	NA	0	0.7392	1	2.264	5	IL23R	intronic	15	15	15	15	15	15	15	15	15	15	15	15	15	15	15	15	15	15	15	15	15	15	15	15	15	5	15
1:67707690:A:G	1	67707690	rs11581607	rs11209026	NA	0	1	1	0.03	7	IL23R	intronic	15	15	15	15	15	15	15	15	15	15	15	15	15	15	15	15	15	15	15	15	15	15	15	15	15	5	15
1:67708155:G:T	1	67708155	rs80174646	rs11209026	NA	0	0.920359	1	0.649	7	IL23R	intronic	15	15	15	15	15	15	15	15	15	15	15	15	15	15	15	15	15	15	15	15	15	15	15	15	15	5	15
1:67708670:A:G	1	67708670	rs6682033	rs1343151	1e-06	6	0.742482	1	1.197	5	IL23R	intronic	15	15	15	15	15	15	15	15	15	15	15	15	15	15	15	15	15	15	15	15	15	15	15	15	15	5	15
1:67708942:A:C	1	67708942	rs55954915	rs1343151	NA	0	0.7392	1	2.977	6	IL23R	intronic	15	15	15	15	15	15	15	15	15	15	15	15	15	15	15	15	15	15	15	15	15	15	15	15	15	5	15
1:67709141:C:G	1	67709141	rs2180294	rs12030948	NA	0	0.742274	1	4.389	6	IL23R	intronic	15	15	15	15	15	15	15	15	15	15	15	15	15	15	15	15	15	15	15	15	15	15	15	15	15	5	15
1:67709384:A:G	1	67709384	rs11488194	rs11209026	NA	0	0.905758	1	4.414	5	IL23R	intronic	15	15	15	15	15	15	15	15	15	15	15	15	15	15	15	15	15	15	15	15	15	15	15	15	15	5	15
1:67709650:A:G	1	67709650	rs35380856	rs12030948	NA	0	0.742274	1	0.111	5	IL23R	intronic	15	15	15	15	15	15	15	15	15	15	15	15	15	15	15	15	15	15	15	15	15	15	15	15	15	5	15
1:67710231:A:G	1	67710231	rs148170789	rs11209026	NA	0	0.905758	1	1.835	6	IL23R	intronic	15	15	15	15	15	15	15	15	15	15	15	15	15	15	15	15	15	15	15	15	15	15	15	15	15	5	15
1:67710425:A:G	1	67710425	rs140953244	rs11209026	NA	0	0.905758	1	2.783	6	IL23R	intronic	15	15	15	15	15	15	15	15	15	15	15	15	15	15	15	15	15	15	15	15	15	15	15	15	15	5	15
1:67711750:A:G	1	67711750	rs56877575	rs1343151	NA	0	0.742482	1	7.677	6	IL23R	intronic	15	15	15	15	15	15	15	15	15	15	15	15	15	15	15	15	15	15	15	15	15	15	15	15	15	5	15
1:67711986:C:T	1	67711986	rs7551201	rs11209026	NA	0	0.905758	1	1.246	7	IL23R	intronic	15	15	15	15	15	15	15	15	15	15	15	15	15	15	15	15	15	15	15	15	15	15	15	15	15	5	15
1:67712157:C:T	1	67712157	rs6701313	rs11209026	NA	0	0.920359	1	6.067	7	IL23R	intronic	15	15	15	15	15	15	15	15	15	15	15	15	15	15	15	15	15	15	15	15	15	15	15	15	15	5	15
1:67712275:A:T	1	67712275	rs55922408	rs1343151	NA	0	0.742482	1	0.221	7	IL23R	intronic	15	15	15	15	15	15	15	15	15	15	15	15	15	15	15	15	15	15	15	15	15	15	15	15	15	5	15
1:67713257:A:G	1	67713257	rs10889673	rs12030948	NA	0	0.742274	1	3.83	6	IL23R	intronic	9	15	15	15	15	15	15	15	15	15	15	15	15	15	15	15	15	15	15	15	15	15	15	15	15	5	15
1:67713346:C:T	1	67713346	rs113935720	rs11209026	NA	0	1	1	1.903	7	IL23R	intronic	9	15	15	15	15	15	15	15	15	15	15	15	15	15	15	15	15	15	15	15	15	15	15	15	15	5	15
1:67713747:A:G	1	67713747	rs56334818	rs1343151	NA	0	0.7392	1	2.482	7	IL23R	intronic	9	15	15	15	15	15	15	9	15	15	15	15	15	15	15	15	15	15	15	15	15	9	15	15	15	5	15
1:67716951:C:T	1	67716951	rs112106127	rs11209026	NA	0	0.905758	1	0.204	7	IL23R	intronic	9	9	9	9	15	9	9	9	15	15	15	15	15	15	15	15	15	15	15	15	9	9	15	9	9	5	9
1:67719129:A:G	1	67719129	rs1343151	rs1343151	7.8e-39	38.1079053973095	1	2	9.921	NA	IL23R	intronic	15	15	15	15	15	15	15	15	15	15	15	15	15	15	15	15	15	15	15	15	15	15	15	15	9	5	15
1:67719911:C:G	1	67719911	rs1008193	rs1343151	9.4e-07	6.0268721464003	0.736371	1	1.425	7	IL23R	intronic	15	15	15	15	15	15	15	15	15	15	15	15	15	15	15	15	15	15	15	15	15	15	15	15	9	5	15
1:67721097:A:C	1	67721097	rs11465817	rs11805303	7.9e-37	36.1023729087096	0.700346	1	1.46	7	IL23R	intronic	15	15	15	15	15	15	15	15	15	15	15	15	15	15	15	15	15	15	15	15	15	15	15	15	15	5	15
1:67721098:C:T	1	67721098	rs11465818	rs1343151	NA	0	0.742482	1	1.915	7	IL23R	intronic	15	15	15	15	15	15	15	15	15	15	15	15	15	15	15	15	15	15	15	15	15	15	15	15	15	5	15
1:67722567:A:C	1	67722567	rs10889676	rs12030948	NA	0	0.742274	1	1.877	3a	IL23R	intronic	15	15	15	15	15	15	15	15	15	15	15	15	15	15	15	15	15	15	15	15	15	5	15	15	15	4	15
1:67722919:C:G	1	67722919	rs41494046	rs11209026	NA	0	0.905758	1	3.602	5	IL23R	intronic	15	15	15	15	15	15	15	15	15	15	15	15	15	7	15	15	15	15	15	15	15	5	15	15	15	4	15
1:67725120:A:C	1	67725120	rs10889677	rs11805303	1.4e-41	40.8538719643218	0.737057	1	9.854	7	IL23R	UTR3	15	15	15	15	15	15	15	15	15	15	15	15	15	5	15	15	15	15	15	15	15	5	15	15	15	5	15
1:67726104:C:T	1	67726104	rs9988642	rs11209026	NA	0	0.851201	1	1.133	5	IL23R	downstream	15	15	15	15	15	15	15	15	15	15	15	15	15	5	15	15	15	15	15	15	15	5	15	15	15	5	15
1:67727555:C:T	1	67727555	rs2000252	rs1343151	NA	0	0.733562	1	3.767	NA	IL23R	intergenic	15	15	15	15	7	15	15	15	15	7	7	15	15	5	15	15	15	7	7	7	7	2	15	15	15	5	15
1:67728018:A:G	1	67728018	rs12567232	rs12030948	NA	0	0.739452	1	4.767	7	IL23R	intergenic	15	15	15	15	7	7	7	7	7	7	7	7	7	7	7	7	15	7	7	5	7	7	15	15	15	5	15
1:67730055:A:G	1	67730055	rs6669582	rs1343151	NA	0	0.991712	1	0.484	5	RNU4ATAC4P	intergenic	15	15	7	15	7	5	7	7	5	7	5	5	7	5	5	7	15	7	7	7	7	2	15	15	7	5	15
1:67730628:G:T	1	67730628	rs10789230	rs11209032	NA	0	0.62441	1	0.02	5	RNU4ATAC4P	intergenic	15	15	7	7	2	5	2	2	7	2	7	7	7	7	7	7	15	7	7	7	2	2	7	7	7	5	15
1:67731368:C:T	1	67731368	rs7547569	rs11209026	NA	0	0.915694	1	1.541	7	RNU4ATAC4P	intergenic	15	15	15	15	7	15	7	7	15	7	15	15	15	7	15	7	15	7	7	15	7	2	15	7	15	5	15
1:67731614:A:G	1	67731614	rs6682413	rs12045232	NA	0	0.994855	1	3.476	6	RNU4ATAC4P	intergenic	15	15	15	15	5	15	7	15	15	15	15	15	15	5	15	15	15	15	15	15	7	7	15	15	15	5	15
1:67732512:C:T	1	67732512	rs79866453	rs11209026	NA	0	0.915694	1	2.352	7	RNU4ATAC4P	downstream	15	15	15	15	5	15	7	15	15	15	15	15	15	5	15	15	15	15	15	15	7	7	15	15	15	5	15
1:67732603:A:G	1	67732603	rs7539328	rs12045232	NA	0	0.984768	1	0.005	5	RNU4ATAC4P	downstream	15	15	15	15	5	15	7	15	15	15	15	15	15	5	15	15	15	15	15	15	7	7	15	15	15	5	15
1:67733321:A:G	1	67733321	rs57719158	rs12045232	NA	0	0.989821	1	3.339	7	RNU4ATAC4P	ncRNA_exonic	15	15	15	15	5	15	7	15	15	15	15	15	15	5	15	15	15	15	15	15	7	7	15	15	15	5	15
1:67734482:C:T	1	67734482	rs12033764	rs11209032	NA	0	1	1	4.597	7	RNU4ATAC4P	intergenic	15	15	15	15	5	15	15	15	15	15	15	15	15	5	15	15	15	15	15	15	15	15	15	15	15	5	15
1:67735299:A:G	1	67735299	rs1909129	rs11209032	NA	0	1	1	1.458	7	RNU4ATAC4P	intergenic	15	15	15	15	5	15	15	15	15	15	15	15	15	5	15	15	15	15	15	15	15	15	15	15	15	5	15
1:67735360:G:T	1	67735360	rs111379368	rs11209026	NA	0	0.915694	1	1.008	7	RNU4ATAC4P	intergenic	15	15	15	15	5	15	15	15	15	15	15	15	15	5	15	15	15	15	15	15	15	15	15	15	15	5	15
1:67735948:C:T	1	67735948	rs11583760	rs11209026	NA	0	0.915694	1	0.351	5	RNU4ATAC4P	intergenic	15	15	15	15	5	15	15	15	15	15	15	15	15	5	15	15	15	15	15	15	15	15	15	15	15	5	15
1:67737650:A:G	1	67737650	rs1532502	rs11209032	NA	0	1	1	1.902	7	RNU4ATAC4P	intergenic	9	15	9	15	5	15	15	15	15	15	15	15	15	5	15	15	15	9	15	15	15	9	15	15	9	5	15
1:67737775:A:C	1	67737775	rs11209030	rs12045232	NA	0	0.994855	1	2.449	6	RNU4ATAC4P	intergenic	9	15	9	15	5	15	15	15	15	15	15	15	15	5	15	15	15	9	15	15	15	9	15	15	9	5	15
1:67738359:A:T	1	67738359	rs12045232	rs12045232	2e-08	7.69897000433602	1	2	9.502	7	RNU4ATAC4P	intergenic	9	9	9	15	8	15	9	9	15	15	15	15	15	5	15	15	15	9	15	15	9	9	15	15	9	8	9
1:67738621:A:T	1	67738621	rs59384635	rs12045232	NA	0	0.994907	1	16.35	7	ENSG00000228523	intergenic	9	9	9	15	5	15	9	9	15	15	15	15	15	5	15	15	15	9	15	15	9	9	15	15	9	8	9
1:67739028:G:T	1	67739028	rs6588252	rs12045232	NA	0	0.994855	1	0.24	7	ENSG00000228523	intergenic	9	9	15	15	5	15	15	9	15	15	15	15	15	5	15	15	15	15	15	15	9	9	15	15	9	5	9
1:67739588:A:C	1	67739588	rs11209031	rs12045232	NA	0	0.994855	1	9.392	5	ENSG00000228523	intergenic	9	9	15	15	7	15	15	15	15	15	15	15	7	5	15	15	15	7	15	15	9	9	15	15	9	5	9
1:67740092:A:G	1	67740092	rs11209032	rs11209032	2.3e-30	29.6382721639824	1	2	0.256	6	ENSG00000228523	intergenic	15	15	15	15	7	15	15	15	15	15	15	15	7	5	15	15	15	5	7	15	15	15	15	15	15	5	15
1:67740403:A:T	1	67740403	rs6677188	rs12045232	NA	0	0.989821	1	15.2	3a	ENSG00000228523	intergenic	15	15	15	15	7	15	15	15	15	15	15	15	7	5	7	15	15	5	7	15	15	15	15	15	15	8	15
1:67741314:C:G	1	67741314	rs6698141	rs11209032	NA	0	0.995616	1	0.288	6	ENSG00000228523	intergenic	15	15	15	15	15	15	15	15	15	15	15	15	15	15	15	15	15	15	15	15	15	15	15	15	15	15	15
1:67741782:C:G	1	67741782	rs113120270	rs11209026	NA	0	0.915694	1	1.269	7	ENSG00000228523	intergenic	15	15	15	15	15	15	15	15	15	15	15	15	15	15	15	15	15	15	15	15	15	15	15	15	15	15	15
1:67741884:A:G	1	67741884	rs149798029	rs11209026	NA	0	0.915694	1	1.996	7	ENSG00000228523	intergenic	15	15	15	15	15	15	15	15	15	15	15	15	15	15	15	15	15	15	15	15	15	15	15	15	15	15	15
1:67742121:C:T	1	67742121	rs6665569	rs6660226	NA	0	0.739387	1	9.918	7	ENSG00000228523	intergenic	15	15	15	15	15	15	15	15	15	15	15	15	15	15	15	15	15	15	15	15	15	15	15	15	15	15	15
1:67742235:A:G	1	67742235	rs12141813	rs11209032	NA	0	1	1	0.189	6	ENSG00000228523	intergenic	15	15	15	15	15	15	15	15	15	15	15	15	15	15	15	15	15	15	15	15	15	15	15	15	15	15	15
1:67742670:A:G	1	67742670	rs151278615	rs11209026	NA	0	0.915694	1	1.709	7	ENSG00000228523	intergenic	15	15	15	15	15	15	15	15	15	15	15	15	15	15	15	15	15	15	15	15	15	15	15	15	15	15	15
1:67742685:A:C	1	67742685	rs6677508	rs6660226	NA	0	0.781903	1	0.227	6	ENSG00000228523	intergenic	15	15	15	15	15	15	15	15	15	15	15	15	15	15	15	15	15	15	15	15	15	15	15	15	15	15	15
1:67743261:A:T	1	67743261	rs202023446	rs12045232	NA	0	0.710425	1	6.373	6	ENSG00000228523	upstream	15	15	15	15	15	15	15	15	15	15	15	15	15	15	15	15	15	15	15	15	15	15	15	15	15	15	15
1:67743552:C:T	1	67743552	rs113155999	rs11209026	NA	0	0.915694	1	1.597	7	ENSG00000228523	upstream	15	15	15	15	15	15	15	15	15	15	15	15	15	15	15	15	15	15	15	15	15	15	15	15	15	15	15
1:67744500:C:G	1	67744500	rs11209033	rs11209032	NA	0	0.995616	1	9.527	7	ENSG00000228523	downstream	15	15	15	15	15	15	15	15	15	15	15	15	15	15	15	15	15	15	15	15	15	15	15	15	15	15	15
1:67744601:A:G	1	67744601	rs6660226	rs6660226	1.5e-22	21.8239087409443	1	2	0.205	7	ENSG00000228523	downstream	15	15	15	15	15	15	15	15	15	15	15	15	15	15	15	15	15	15	15	15	15	15	15	15	15	15	15
1:67744684:C:T	1	67744684	rs11209034	rs11209032	NA	0	0.995616	1	6.097	7	ENSG00000228523	downstream	15	15	15	15	15	15	15	15	15	15	15	15	15	15	15	15	15	15	15	15	15	15	15	15	15	15	15
1:67745768:A:G	1	67745768	rs34426521	rs11209032	NA	0	0.995616	1	1.934	7	ENSG00000228523	intergenic	15	15	15	15	15	15	15	15	15	15	15	15	15	15	15	15	15	15	15	15	15	15	15	15	15	15	15
1:67745895:A:T	1	67745895	rs6676660	rs11209032	NA	0	0.995616	1	4.644	7	ENSG00000228523	intergenic	15	15	15	15	15	15	15	15	15	15	15	15	15	15	15	15	15	15	15	15	15	15	15	15	15	15	15
1:67747023:C:G	1	67747023	rs12141431	rs11209032	1.1e-26	25.9586073148418	0.861926	1	3.743	3a	ENSG00000228523	intergenic	15	15	15	15	15	15	15	15	15	15	15	15	15	15	15	15	15	15	15	15	15	15	15	15	15	15	15
1:67747415:A:C	1	67747415	rs12119179	rs11209032	1.2e-29	28.9208187539524	0.995616	1	1.904	6	ENSG00000228523	intergenic	15	15	15	15	15	15	15	15	15	15	15	15	15	15	15	15	15	15	15	15	15	15	15	15	15	15	15
1:67747436:A:G	1	67747436	rs12141575	rs11209032	NA	0	0.995616	1	1.049	7	ENSG00000228523	intergenic	15	15	15	15	15	15	15	15	15	15	15	15	15	15	15	15	15	15	15	15	15	15	15	15	15	15	15
1:67747865:A:G	1	67747865	rs6694775	rs6660226	NA	0	0.996141	1	1.786	6	ENSG00000228523	intergenic	15	15	15	15	15	15	15	15	15	15	15	15	15	15	15	15	15	15	15	15	15	15	15	15	15	15	15
1:67748140:A:C	1	67748140	rs2017314	rs6660226	NA	0	0.737556	1	0.89	NA	ENSG00000228523	intergenic	15	15	15	15	15	15	15	15	15	15	15	15	15	15	15	15	15	15	15	15	15	15	15	15	15	15	15
1:67749068:C:T	1	67749068	rs11209036	rs6660226	NA	0	0.992282	1	11.42	5	ENSG00000228523	intergenic	15	15	15	15	15	15	15	15	15	15	15	15	15	15	15	15	15	15	15	15	15	15	15	15	15	15	15
1:67750474:C:T	1	67750474	rs7546245	rs11209032	1.6e-29	28.7958800173441	0.986929	1	1.82	5	ENSG00000228523	intergenic	15	15	15	15	15	15	15	15	15	15	15	15	15	15	15	15	15	15	15	15	15	15	15	15	15	15	15
1:67751193:A:G	1	67751193	rs11209039	rs6660226	3.8e-22	21.4202164033832	0.98468	1	2.733	6	ENSG00000228523	intergenic	9	15	15	15	15	15	15	15	15	15	15	15	15	15	15	15	15	15	15	15	15	15	15	15	15	15	15
1:67752088:C:G	1	67752088	rs10889679	rs12045232	NA	0	0.725456	1	0.148	2b	ENSG00000228523	intergenic	15	15	15	15	15	15	15	15	15	15	15	15	15	15	15	15	15	15	15	15	15	9	15	15	7	15	15
1:67752671:A:G	1	67752671	rs11209040	rs11209032	NA	0	0.982677	1	3.849	6	ENSG00000228523	intergenic	15	15	15	15	15	15	15	15	15	15	15	15	15	15	15	15	15	15	15	15	15	9	15	15	15	15	15
1:67753353:C:T	1	67753353	rs1495966	rs6660226	NA	0	0.731994	1	2.929	NA	ENSG00000228523	intergenic	15	15	15	15	15	15	15	15	15	15	15	15	15	15	15	15	15	15	15	15	15	9	15	15	15	15	15
1:67753508:C:T	1	67753508	rs1495965	rs6660226	1.6e-22	21.7958800173441	0.731994	1	1.442	6	ENSG00000228523	intergenic	15	15	15	15	15	15	15	15	15	15	15	15	15	15	15	15	15	15	15	15	15	9	15	15	15	15	15
1:67754527:G:T	1	67754527	rs4655535	rs6660226	NA	0	0.731994	1	9.264	7	ENSG00000228523	intergenic	15	15	15	15	15	15	15	15	15	15	15	15	15	15	15	15	15	15	15	15	15	15	15	15	15	15	15
1:67760140:C:T	1	67760140	rs924080	rs6660226	1e-20	20	0.9808	1	8.33	5	IL12RB2	intergenic	15	15	15	15	15	15	15	15	15	15	15	15	15	15	15	15	15	15	15	15	15	9	14	15	14	15	15
1:67761365:C:G	1	67761365	rs11578380	rs6660226	NA	0	0.683478	1	0.237	6	IL12RB2	intergenic	15	15	15	15	15	15	15	15	15	15	15	15	15	15	15	15	15	15	15	15	15	9	14	15	14	15	15
1:67763780:C:T	1	67763780	rs2088242	rs11209032	NA	0	0.91339	1	5.175	NA	IL12RB2	intergenic	15	15	15	14	15	15	15	15	15	15	15	15	15	15	15	15	15	15	15	15	15	15	14	15	14	15	15
1:67764598:A:G	1	67764598	rs11802647	rs11209032	NA	0	0.9093	1	2.847	4	IL12RB2	intergenic	15	15	15	14	15	15	15	15	15	15	15	15	15	15	15	15	15	15	15	15	15	15	14	15	14	15	15
1:67764815:C:T	1	67764815	rs72931012	rs12045232	NA	0	0.668257	1	0.063	5	IL12RB2	intergenic	15	15	15	14	15	15	15	15	15	15	15	15	15	15	15	15	15	15	15	15	15	15	14	15	14	15	15
1:67766926:A:C	1	67766926	rs11209042	rs11209032	NA	0	0.60786	1	4.785	6	IL12RB2	intergenic	15	15	14	14	15	15	15	15	15	15	15	15	15	15	15	15	15	15	15	15	5	5	14	15	14	15	15
