cell	start	end	state
E029	67362595	67385400	15
E029	67385400	67386400	9
E029	67386400	67389400	15
E029	67389400	67389800	7
E029	67389800	67390400	2
E029	67390400	67391200	1
E029	67391200	67391800	2
E029	67391800	67392200	7
E029	67392200	67395000	5
E029	67395000	67395600	2
E029	67395600	67396800	1
E029	67396800	67397800	2
E029	67397800	67399800	5
E029	67399800	67400000	1
E029	67400000	67400200	2
E029	67400200	67400600	7
E029	67400600	67402800	5
E029	67402800	67403400	7
E029	67403400	67403800	5
E029	67403800	67405000	7
E029	67405000	67406200	5
E029	67406200	67412600	4
E029	67412600	67413400	6
E029	67413400	67447000	4
E029	67447000	67447400	6
E029	67447400	67455400	4
E029	67455400	67468800	5
E029	67468800	67470800	4
E029	67470800	67483800	5
E029	67483800	67487200	4
E029	67487200	67502200	5
E029	67502200	67515600	4
E029	67515600	67518000	5
E029	67518000	67518400	7
E029	67518400	67519200	2
E029	67519200	67520200	1
E029	67520200	67520400	2
E029	67520400	67532200	15
E029	67532200	67535800	9
E029	67535800	67553000	15
E029	67553000	67553800	9
E029	67553800	67578000	15
E029	67578000	67581000	9
E029	67581000	67600200	15
E029	67600200	67600400	7
E029	67600400	67600800	2
E029	67600800	67601200	7
E029	67601200	67614800	15
E029	67614800	67615200	7
E029	67615200	67633400	15
E029	67633400	67637400	14
E029	67637400	67640400	15
E029	67640400	67641200	9
E029	67641200	67647800	15
E029	67647800	67648600	9
E029	67648600	67713000	15
E029	67713000	67717200	9
E029	67717200	67737400	15
E029	67737400	67739800	9
E029	67739800	67750600	15
E029	67750600	67751600	9
E029	67751600	67755800	15
E029	67755800	67759200	9
E029	67759200	67766926	15
E030	67362595	67382800	15
E030	67382800	67383600	9
E030	67383600	67389400	15
E030	67389400	67389600	7
E030	67389600	67390400	2
E030	67390400	67391000	1
E030	67391000	67392000	2
E030	67392000	67395000	7
E030	67395000	67395600	2
E030	67395600	67396800	1
E030	67396800	67397800	2
E030	67397800	67401600	7
E030	67401600	67402800	5
E030	67402800	67405400	7
E030	67405400	67406600	5
E030	67406600	67406800	6
E030	67406800	67407000	4
E030	67407000	67411200	5
E030	67411200	67414400	6
E030	67414400	67422200	4
E030	67422200	67424200	5
E030	67424200	67438200	4
E030	67438200	67439200	6
E030	67439200	67456400	4
E030	67456400	67464000	5
E030	67464000	67465000	7
E030	67465000	67484200	5
E030	67484200	67487000	4
E030	67487000	67503400	5
E030	67503400	67510000	4
E030	67510000	67511400	5
E030	67511400	67512600	4
E030	67512600	67513400	5
E030	67513400	67515200	4
E030	67515200	67517800	5
E030	67517800	67518400	7
E030	67518400	67519200	2
E030	67519200	67520200	1
E030	67520200	67520400	2
E030	67520400	67521200	14
E030	67521200	67521600	7
E030	67521600	67532400	15
E030	67532400	67534400	9
E030	67534400	67538400	15
E030	67538400	67539200	9
E030	67539200	67600000	15
E030	67600000	67600400	14
E030	67600400	67600600	11
E030	67600600	67600800	2
E030	67600800	67603600	14
E030	67603600	67714400	15
E030	67714400	67718000	9
E030	67718000	67738200	15
E030	67738200	67739800	9
E030	67739800	67766926	15
E031	67362595	67382600	15
E031	67382600	67382800	5
E031	67382800	67383000	8
E031	67383000	67385600	5
E031	67385600	67386200	8
E031	67386200	67386600	4
E031	67386600	67389000	5
E031	67389000	67389600	7
E031	67389600	67390400	2
E031	67390400	67391200	1
E031	67391200	67391800	2
E031	67391800	67392400	7
E031	67392400	67394800	5
E031	67394800	67395000	7
E031	67395000	67395800	2
E031	67395800	67396400	1
E031	67396400	67398200	2
E031	67398200	67399800	7
E031	67399800	67400200	2
E031	67400200	67403600	5
E031	67403600	67404000	7
E031	67404000	67406400	5
E031	67406400	67414000	4
E031	67414000	67415200	5
E031	67415200	67415800	4
E031	67415800	67416400	5
E031	67416400	67439000	4
E031	67439000	67440400	5
E031	67440400	67442400	4
E031	67442400	67443800	5
E031	67443800	67445200	4
E031	67445200	67446600	5
E031	67446600	67451400	4
E031	67451400	67452200	5
E031	67452200	67455800	4
E031	67455800	67464200	5
E031	67464200	67478800	4
E031	67478800	67480400	5
E031	67480400	67480800	4
E031	67480800	67483200	5
E031	67483200	67489000	4
E031	67489000	67494600	5
E031	67494600	67496600	4
E031	67496600	67501800	5
E031	67501800	67502000	8
E031	67502000	67503000	4
E031	67503000	67503400	8
E031	67503400	67509800	4
E031	67509800	67510600	5
E031	67510600	67511000	7
E031	67511000	67511800	5
E031	67511800	67516200	4
E031	67516200	67518000	5
E031	67518000	67518400	7
E031	67518400	67519400	2
E031	67519400	67520000	1
E031	67520000	67520400	2
E031	67520400	67520600	1
E031	67520600	67532200	15
E031	67532200	67534400	9
E031	67534400	67538000	15
E031	67538000	67538800	9
E031	67538800	67554400	15
E031	67554400	67556000	9
E031	67556000	67575000	15
E031	67575000	67579200	7
E031	67579200	67580800	9
E031	67580800	67600000	15
E031	67600000	67600200	7
E031	67600200	67600800	2
E031	67600800	67601000	1
E031	67601000	67648000	15
E031	67648000	67648800	9
E031	67648800	67698400	15
E031	67698400	67701400	14
E031	67701400	67715600	15
E031	67715600	67717800	9
E031	67717800	67729600	15
E031	67729600	67730800	7
E031	67730800	67737200	15
E031	67737200	67739000	9
E031	67739000	67760400	15
E031	67760400	67761200	9
E031	67761200	67766800	15
E031	67766800	67766926	14
E032	67362595	67383000	15
E032	67383000	67383800	9
E032	67383800	67389200	15
E032	67389200	67389800	7
E032	67389800	67390200	2
E032	67390200	67391200	1
E032	67391200	67391600	2
E032	67391600	67392000	7
E032	67392000	67395200	5
E032	67395200	67395400	7
E032	67395400	67395600	2
E032	67395600	67396800	1
E032	67396800	67397600	2
E032	67397600	67398200	7
E032	67398200	67399600	5
E032	67399600	67400400	7
E032	67400400	67406400	5
E032	67406400	67439200	4
E032	67439200	67440000	5
E032	67440000	67452800	4
E032	67452800	67454200	5
E032	67454200	67454800	4
E032	67454800	67461600	5
E032	67461600	67462000	7
E032	67462000	67467400	5
E032	67467400	67476200	4
E032	67476200	67483400	5
E032	67483400	67488400	4
E032	67488400	67490000	5
E032	67490000	67490200	4
E032	67490200	67490400	5
E032	67490400	67492000	4
E032	67492000	67493800	5
E032	67493800	67496600	4
E032	67496600	67501800	5
E032	67501800	67510400	4
E032	67510400	67510800	6
E032	67510800	67517200	4
E032	67517200	67518000	5
E032	67518000	67518400	7
E032	67518400	67519000	2
E032	67519000	67520200	1
E032	67520200	67520400	2
E032	67520400	67520600	7
E032	67520600	67532200	15
E032	67532200	67535400	9
E032	67535400	67538000	15
E032	67538000	67538800	9
E032	67538800	67554400	15
E032	67554400	67556200	9
E032	67556200	67575200	15
E032	67575200	67579400	7
E032	67579400	67580600	9
E032	67580600	67600200	15
E032	67600200	67600400	7
E032	67600400	67600600	2
E032	67600600	67600800	11
E032	67600800	67601000	12
E032	67601000	67602400	14
E032	67602400	67614400	15
E032	67614400	67615400	7
E032	67615400	67617800	15
E032	67617800	67626600	14
E032	67626600	67680400	15
E032	67680400	67681000	7
E032	67681000	67714400	15
E032	67714400	67717600	9
E032	67717600	67730400	15
E032	67730400	67730800	7
E032	67730800	67763200	15
E032	67763200	67766926	14
E033	67362595	67367200	15
E033	67367200	67369400	5
E033	67369400	67382800	15
E033	67382800	67383600	9
E033	67383600	67387800	5
E033	67387800	67388400	4
E033	67388400	67389000	5
E033	67389000	67389400	7
E033	67389400	67390000	2
E033	67390000	67391200	1
E033	67391200	67392200	2
E033	67392200	67393000	7
E033	67393000	67393600	5
E033	67393600	67393800	7
E033	67393800	67394600	5
E033	67394600	67395000	7
E033	67395000	67395600	2
E033	67395600	67396800	1
E033	67396800	67397000	2
E033	67397000	67397200	1
E033	67397200	67397800	2
E033	67397800	67398400	7
E033	67398400	67399400	2
E033	67399400	67399600	7
E033	67399600	67400200	2
E033	67400200	67401600	7
E033	67401600	67402800	5
E033	67402800	67409000	7
E033	67409000	67412600	5
E033	67412600	67423000	4
E033	67423000	67426200	5
E033	67426200	67427800	6
E033	67427800	67430000	5
E033	67430000	67433000	4
E033	67433000	67434400	5
E033	67434400	67436800	4
E033	67436800	67440000	5
E033	67440000	67441400	4
E033	67441400	67442800	5
E033	67442800	67446200	4
E033	67446200	67447000	6
E033	67447000	67447600	2
E033	67447600	67448000	7
E033	67448000	67448200	6
E033	67448200	67449800	4
E033	67449800	67451400	5
E033	67451400	67460200	4
E033	67460200	67464600	5
E033	67464600	67465000	6
E033	67465000	67466200	5
E033	67466200	67478600	4
E033	67478600	67482600	5
E033	67482600	67491000	4
E033	67491000	67494600	5
E033	67494600	67496000	4
E033	67496000	67502400	5
E033	67502400	67515000	4
E033	67515000	67516000	5
E033	67516000	67516600	4
E033	67516600	67518000	6
E033	67518000	67518200	3
E033	67518200	67518800	2
E033	67518800	67520400	1
E033	67520400	67520600	2
E033	67520600	67538000	15
E033	67538000	67540200	9
E033	67540200	67583400	15
E033	67583400	67584800	7
E033	67584800	67600200	15
E033	67600200	67600800	1
E033	67600800	67601000	2
E033	67601000	67601200	7
E033	67601200	67606800	5
E033	67606800	67607000	7
E033	67607000	67607800	5
E033	67607800	67609000	7
E033	67609000	67609400	2
E033	67609400	67610800	7
E033	67610800	67611200	5
E033	67611200	67612400	7
E033	67612400	67614400	5
E033	67614400	67615000	7
E033	67615000	67634400	15
E033	67634400	67636200	7
E033	67636200	67638000	2
E033	67638000	67639400	7
E033	67639400	67641400	14
E033	67641400	67641800	7
E033	67641800	67646200	15
E033	67646200	67655600	14
E033	67655600	67656000	7
E033	67656000	67659400	14
E033	67659400	67662000	7
E033	67662000	67677400	15
E033	67677400	67679000	7
E033	67679000	67679400	5
E033	67679400	67679800	7
E033	67679800	67714800	15
E033	67714800	67715000	9
E033	67715000	67715800	15
E033	67715800	67716000	9
E033	67716000	67727200	15
E033	67727200	67729000	7
E033	67729000	67729400	5
E033	67729400	67730600	7
E033	67730600	67731000	2
E033	67731000	67731600	7
E033	67731600	67738200	5
E033	67738200	67738600	8
E033	67738600	67739200	5
E033	67739200	67741200	7
E033	67741200	67766926	15
E034	67362595	67365400	14
E034	67365400	67385600	15
E034	67385600	67389200	5
E034	67389200	67389600	7
E034	67389600	67390200	2
E034	67390200	67391000	1
E034	67391000	67391800	2
E034	67391800	67392000	7
E034	67392000	67395000	5
E034	67395000	67395600	2
E034	67395600	67400000	1
E034	67400000	67400400	2
E034	67400400	67400800	7
E034	67400800	67401800	5
E034	67401800	67403400	7
E034	67403400	67406400	5
E034	67406400	67407400	4
E034	67407400	67407800	6
E034	67407800	67408200	5
E034	67408200	67408400	4
E034	67408400	67410000	5
E034	67410000	67431200	4
E034	67431200	67431800	8
E034	67431800	67446400	4
E034	67446400	67447000	5
E034	67447000	67447600	1
E034	67447600	67447800	3
E034	67447800	67455600	4
E034	67455600	67468600	5
E034	67468600	67473800	4
E034	67473800	67475800	5
E034	67475800	67478600	4
E034	67478600	67483200	5
E034	67483200	67488000	4
E034	67488000	67489400	5
E034	67489400	67490600	4
E034	67490600	67495000	5
E034	67495000	67496000	4
E034	67496000	67501800	5
E034	67501800	67517200	4
E034	67517200	67518400	5
E034	67518400	67518600	2
E034	67518600	67519800	1
E034	67519800	67520400	2
E034	67520400	67520600	7
E034	67520600	67527800	15
E034	67527800	67541600	14
E034	67541600	67556400	15
E034	67556400	67561200	14
E034	67561200	67578000	15
E034	67578000	67578400	14
E034	67578400	67580200	9
E034	67580200	67598600	15
E034	67598600	67600200	14
E034	67600200	67600400	12
E034	67600400	67600800	11
E034	67600800	67601000	12
E034	67601000	67602800	14
E034	67602800	67607200	15
E034	67607200	67609600	7
E034	67609600	67610600	5
E034	67610600	67612200	7
E034	67612200	67614400	5
E034	67614400	67615200	7
E034	67615200	67622200	14
E034	67622200	67622800	13
E034	67622800	67632000	14
E034	67632000	67632200	2
E034	67632200	67632800	1
E034	67632800	67633400	10
E034	67633400	67635800	14
E034	67635800	67638600	7
E034	67638600	67658600	15
E034	67658600	67661600	7
E034	67661600	67677200	14
E034	67677200	67678800	7
E034	67678800	67686400	14
E034	67686400	67687000	13
E034	67687000	67692000	14
E034	67692000	67692600	7
E034	67692600	67715600	15
E034	67715600	67717000	9
E034	67717000	67727600	15
E034	67727600	67729800	7
E034	67729800	67731200	5
E034	67731200	67731400	15
E034	67731400	67731600	7
E034	67731600	67766926	15
E035	67362595	67383000	15
E035	67383000	67384000	9
E035	67384000	67384400	8
E035	67384400	67389200	5
E035	67389200	67390600	2
E035	67390600	67391200	1
E035	67391200	67392200	2
E035	67392200	67393000	7
E035	67393000	67394600	5
E035	67394600	67394800	7
E035	67394800	67395600	2
E035	67395600	67396200	1
E035	67396200	67397600	2
E035	67397600	67398000	1
E035	67398000	67398600	2
E035	67398600	67399600	7
E035	67399600	67400400	2
E035	67400400	67400600	7
E035	67400600	67406400	5
E035	67406400	67409800	4
E035	67409800	67411600	5
E035	67411600	67429400	4
E035	67429400	67430600	5
E035	67430600	67431400	4
E035	67431400	67432000	8
E035	67432000	67439000	4
E035	67439000	67440800	5
E035	67440800	67441600	4
E035	67441600	67443000	5
E035	67443000	67445000	4
E035	67445000	67446600	5
E035	67446600	67447000	7
E035	67447000	67447600	2
E035	67447600	67447800	6
E035	67447800	67455800	4
E035	67455800	67461400	5
E035	67461400	67461800	7
E035	67461800	67464200	5
E035	67464200	67465600	7
E035	67465600	67468000	5
E035	67468000	67468600	6
E035	67468600	67471800	4
E035	67471800	67472400	5
E035	67472400	67472600	4
E035	67472600	67474200	5
E035	67474200	67474600	4
E035	67474600	67475800	5
E035	67475800	67476400	4
E035	67476400	67483200	5
E035	67483200	67487000	4
E035	67487000	67494000	5
E035	67494000	67497400	4
E035	67497400	67500800	5
E035	67500800	67503400	8
E035	67503400	67517200	4
E035	67517200	67518000	5
E035	67518000	67518800	2
E035	67518800	67519800	1
E035	67519800	67520800	2
E035	67520800	67532400	15
E035	67532400	67534400	9
E035	67534400	67537200	15
E035	67537200	67539400	9
E035	67539400	67554400	15
E035	67554400	67556200	9
E035	67556200	67578800	15
E035	67578800	67580200	9
E035	67580200	67586200	15
E035	67586200	67587000	9
E035	67587000	67600200	15
E035	67600200	67600400	7
E035	67600400	67601000	2
E035	67601000	67601200	14
E035	67601200	67630000	15
E035	67630000	67636000	14
E035	67636000	67637600	7
E035	67637600	67638600	14
E035	67638600	67639200	13
E035	67639200	67644200	14
E035	67644200	67647800	15
E035	67647800	67649200	9
E035	67649200	67656600	15
E035	67656600	67658400	14
E035	67658400	67659800	13
E035	67659800	67664600	14
E035	67664600	67714200	15
E035	67714200	67717000	9
E035	67717000	67727600	15
E035	67727600	67730200	7
E035	67730200	67730800	2
E035	67730800	67734400	7
E035	67734400	67738000	15
E035	67738000	67739000	9
E035	67739000	67766926	15
E036	67362595	67382600	15
E036	67382600	67385400	5
E036	67385400	67386200	8
E036	67386200	67389000	5
E036	67389000	67389200	7
E036	67389200	67390000	2
E036	67390000	67391200	1
E036	67391200	67392200	2
E036	67392200	67392800	7
E036	67392800	67394000	5
E036	67394000	67395000	7
E036	67395000	67395800	2
E036	67395800	67396800	1
E036	67396800	67398400	2
E036	67398400	67398600	7
E036	67398600	67398800	2
E036	67398800	67400400	7
E036	67400400	67404000	5
E036	67404000	67404800	7
E036	67404800	67406400	5
E036	67406400	67407000	4
E036	67407000	67409200	5
E036	67409200	67426400	4
E036	67426400	67427200	6
E036	67427200	67455200	4
E036	67455200	67464200	5
E036	67464200	67465800	7
E036	67465800	67466200	5
E036	67466200	67467600	4
E036	67467600	67468800	6
E036	67468800	67472200	4
E036	67472200	67473200	5
E036	67473200	67473600	4
E036	67473600	67475200	5
E036	67475200	67478000	4
E036	67478000	67484000	5
E036	67484000	67487200	4
E036	67487200	67489400	5
E036	67489400	67491000	4
E036	67491000	67494200	5
E036	67494200	67496000	4
E036	67496000	67500800	5
E036	67500800	67516200	4
E036	67516200	67517800	5
E036	67517800	67518800	2
E036	67518800	67520000	1
E036	67520000	67520400	2
E036	67520400	67521600	7
E036	67521600	67532000	15
E036	67532000	67535200	9
E036	67535200	67538400	15
E036	67538400	67539400	9
E036	67539400	67600400	15
E036	67600400	67600600	7
E036	67600600	67601000	2
E036	67601000	67601400	7
E036	67601400	67614600	15
E036	67614600	67615000	7
E036	67615000	67630400	14
E036	67630400	67631600	13
E036	67631600	67636200	14
E036	67636200	67637800	7
E036	67637800	67638800	14
E036	67638800	67646800	15
E036	67646800	67649000	9
E036	67649000	67657000	14
E036	67657000	67657400	13
E036	67657400	67657800	12
E036	67657800	67660000	13
E036	67660000	67661200	14
E036	67661200	67663400	13
E036	67663400	67670000	14
E036	67670000	67713600	15
E036	67713600	67718600	9
E036	67718600	67727800	15
E036	67727800	67730600	7
E036	67730600	67731000	2
E036	67731000	67731600	7
E036	67731600	67737800	15
E036	67737800	67739400	9
E036	67739400	67766926	15
E037	67362595	67388800	15
E037	67388800	67389600	7
E037	67389600	67390000	2
E037	67390000	67391400	1
E037	67391400	67392000	2
E037	67392000	67393000	7
E037	67393000	67394200	5
E037	67394200	67395000	7
E037	67395000	67395400	2
E037	67395400	67398000	1
E037	67398000	67398400	2
E037	67398400	67398800	7
E037	67398800	67399000	2
E037	67399000	67399400	7
E037	67399400	67399800	2
E037	67399800	67400200	1
E037	67400200	67401000	2
E037	67401000	67406800	7
E037	67406800	67408400	6
E037	67408400	67411400	7
E037	67411400	67412000	5
E037	67412000	67413000	6
E037	67413000	67413400	4
E037	67413400	67418000	5
E037	67418000	67420200	6
E037	67420200	67423800	7
E037	67423800	67424400	5
E037	67424400	67425800	4
E037	67425800	67426400	5
E037	67426400	67427000	7
E037	67427000	67427800	6
E037	67427800	67428600	5
E037	67428600	67429000	4
E037	67429000	67431400	5
E037	67431400	67432000	4
E037	67432000	67435600	5
E037	67435600	67438400	4
E037	67438400	67440400	5
E037	67440400	67443000	4
E037	67443000	67446200	5
E037	67446200	67448000	7
E037	67448000	67448600	6
E037	67448600	67452400	4
E037	67452400	67461600	5
E037	67461600	67462000	7
E037	67462000	67464600	5
E037	67464600	67465200	7
E037	67465200	67502400	5
E037	67502400	67505200	4
E037	67505200	67511000	5
E037	67511000	67512000	4
E037	67512000	67516600	5
E037	67516600	67518400	7
E037	67518400	67518800	2
E037	67518800	67520200	1
E037	67520200	67520400	2
E037	67520400	67520600	7
E037	67520600	67556800	15
E037	67556800	67570200	14
E037	67570200	67600200	15
E037	67600200	67600600	7
E037	67600600	67600800	12
E037	67600800	67605600	14
E037	67605600	67607400	15
E037	67607400	67607600	7
E037	67607600	67608200	5
E037	67608200	67610600	7
E037	67610600	67614400	5
E037	67614400	67615200	7
E037	67615200	67628000	15
E037	67628000	67628600	7
E037	67628600	67635200	5
E037	67635200	67639200	7
E037	67639200	67656400	15
E037	67656400	67657000	7
E037	67657000	67658400	5
E037	67658400	67659800	7
E037	67659800	67660200	2
E037	67660200	67662000	7
E037	67662000	67669200	15
E037	67669200	67677200	5
E037	67677200	67678200	7
E037	67678200	67727600	15
E037	67727600	67728400	7
E037	67728400	67730400	5
E037	67730400	67731000	7
E037	67731000	67766926	15
E038	67362595	67387200	15
E038	67387200	67388800	5
E038	67388800	67389600	7
E038	67389600	67390000	2
E038	67390000	67391200	1
E038	67391200	67392000	2
E038	67392000	67393000	7
E038	67393000	67394000	5
E038	67394000	67395000	7
E038	67395000	67395600	2
E038	67395600	67397400	1
E038	67397400	67397600	2
E038	67397600	67399200	7
E038	67399200	67399800	2
E038	67399800	67400200	1
E038	67400200	67400400	2
E038	67400400	67409800	7
E038	67409800	67412200	5
E038	67412200	67412600	6
E038	67412600	67414000	4
E038	67414000	67414600	6
E038	67414600	67416800	5
E038	67416800	67418000	4
E038	67418000	67418200	6
E038	67418200	67426200	5
E038	67426200	67427400	6
E038	67427400	67428800	4
E038	67428800	67430200	5
E038	67430200	67431800	4
E038	67431800	67435600	5
E038	67435600	67436600	4
E038	67436600	67440400	5
E038	67440400	67441000	4
E038	67441000	67442400	5
E038	67442400	67444600	4
E038	67444600	67446400	5
E038	67446400	67446800	7
E038	67446800	67447400	2
E038	67447400	67448200	7
E038	67448200	67448400	6
E038	67448400	67450600	4
E038	67450600	67461400	5
E038	67461400	67462200	7
E038	67462200	67484400	5
E038	67484400	67485800	4
E038	67485800	67503000	5
E038	67503000	67504200	4
E038	67504200	67507000	5
E038	67507000	67508200	4
E038	67508200	67509400	5
E038	67509400	67509800	4
E038	67509800	67511600	5
E038	67511600	67512000	4
E038	67512000	67513000	5
E038	67513000	67514600	4
E038	67514600	67516600	5
E038	67516600	67516800	6
E038	67516800	67518000	7
E038	67518000	67518600	2
E038	67518600	67520200	1
E038	67520200	67520600	2
E038	67520600	67600200	15
E038	67600200	67600400	7
E038	67600400	67600800	2
E038	67600800	67601000	7
E038	67601000	67606800	14
E038	67606800	67607000	7
E038	67607000	67608400	5
E038	67608400	67609000	7
E038	67609000	67609400	2
E038	67609400	67610800	7
E038	67610800	67612000	5
E038	67612000	67612200	7
E038	67612200	67612600	5
E038	67612600	67612800	7
E038	67612800	67614400	5
E038	67614400	67615000	7
E038	67615000	67628600	15
E038	67628600	67629000	7
E038	67629000	67630000	14
E038	67630000	67635400	15
E038	67635400	67636400	7
E038	67636400	67637800	2
E038	67637800	67638800	7
E038	67638800	67655800	15
E038	67655800	67656000	7
E038	67656000	67659400	5
E038	67659400	67661400	7
E038	67661400	67662600	5
E038	67662600	67662800	7
E038	67662800	67675600	15
E038	67675600	67675800	7
E038	67675800	67676000	15
E038	67676000	67677200	5
E038	67677200	67678200	7
E038	67678200	67727200	15
E038	67727200	67728600	7
E038	67728600	67729800	14
E038	67729800	67730400	7
E038	67730400	67730800	2
E038	67730800	67731600	7
E038	67731600	67766926	15
E039	67362595	67383000	15
E039	67383000	67383800	9
E039	67383800	67389000	15
E039	67389000	67389600	7
E039	67389600	67390200	2
E039	67390200	67391200	3
E039	67391200	67391800	2
E039	67391800	67392200	7
E039	67392200	67392600	5
E039	67392600	67392800	7
E039	67392800	67394600	5
E039	67394600	67394800	7
E039	67394800	67395600	2
E039	67395600	67396600	3
E039	67396600	67397800	1
E039	67397800	67398400	2
E039	67398400	67399000	7
E039	67399000	67399800	2
E039	67399800	67400200	1
E039	67400200	67400600	2
E039	67400600	67409400	7
E039	67409400	67411200	5
E039	67411200	67412000	4
E039	67412000	67414600	6
E039	67414600	67419400	4
E039	67419400	67425600	5
E039	67425600	67426200	6
E039	67426200	67426800	7
E039	67426800	67427600	6
E039	67427600	67433200	4
E039	67433200	67434200	5
E039	67434200	67435000	4
E039	67435000	67436200	5
E039	67436200	67438400	4
E039	67438400	67440600	5
E039	67440600	67442400	4
E039	67442400	67443200	5
E039	67443200	67445000	4
E039	67445000	67446400	5
E039	67446400	67446800	7
E039	67446800	67447000	2
E039	67447000	67447600	1
E039	67447600	67447800	2
E039	67447800	67448400	7
E039	67448400	67461600	5
E039	67461600	67461800	7
E039	67461800	67464400	5
E039	67464400	67465800	7
E039	67465800	67468600	5
E039	67468600	67471000	4
E039	67471000	67475800	5
E039	67475800	67478000	4
E039	67478000	67484000	5
E039	67484000	67489000	4
E039	67489000	67503200	5
E039	67503200	67510600	4
E039	67510600	67510800	6
E039	67510800	67512000	5
E039	67512000	67515400	4
E039	67515400	67516600	5
E039	67516600	67518000	7
E039	67518000	67518200	2
E039	67518200	67518400	1
E039	67518400	67518600	2
E039	67518600	67519600	1
E039	67519600	67520000	3
E039	67520000	67520200	1
E039	67520200	67520600	2
E039	67520600	67533600	15
E039	67533600	67534400	9
E039	67534400	67584000	15
E039	67584000	67584600	7
E039	67584600	67600200	15
E039	67600200	67600400	2
E039	67600400	67600600	1
E039	67600600	67600800	2
E039	67600800	67601000	7
E039	67601000	67602200	5
E039	67602200	67605400	15
E039	67605400	67606600	5
E039	67606600	67612200	7
E039	67612200	67614400	5
E039	67614400	67615200	7
E039	67615200	67635400	15
E039	67635400	67636400	7
E039	67636400	67637000	2
E039	67637000	67637400	7
E039	67637400	67638000	2
E039	67638000	67639200	7
E039	67639200	67659800	15
E039	67659800	67661200	7
E039	67661200	67677400	15
E039	67677400	67679000	7
E039	67679000	67715800	15
E039	67715800	67716600	9
E039	67716600	67727400	15
E039	67727400	67728600	7
E039	67728600	67730200	5
E039	67730200	67731200	7
E039	67731200	67766926	15
E040	67362595	67389400	15
E040	67389400	67389600	7
E040	67389600	67390000	2
E040	67390000	67391200	1
E040	67391200	67391800	2
E040	67391800	67395000	7
E040	67395000	67395400	2
E040	67395400	67397800	1
E040	67397800	67399800	2
E040	67399800	67400200	1
E040	67400200	67400800	2
E040	67400800	67405800	7
E040	67405800	67406400	5
E040	67406400	67409400	6
E040	67409400	67411800	5
E040	67411800	67412200	4
E040	67412200	67413600	6
E040	67413600	67414200	4
E040	67414200	67422200	5
E040	67422200	67422800	7
E040	67422800	67423000	5
E040	67423000	67425600	4
E040	67425600	67427400	6
E040	67427400	67428600	5
E040	67428600	67429600	4
E040	67429600	67430600	5
E040	67430600	67433600	4
E040	67433600	67435400	5
E040	67435400	67436000	4
E040	67436000	67436200	6
E040	67436200	67436800	5
E040	67436800	67437000	6
E040	67437000	67437400	7
E040	67437400	67440400	5
E040	67440400	67442800	4
E040	67442800	67446400	5
E040	67446400	67446800	7
E040	67446800	67447000	2
E040	67447000	67447600	1
E040	67447600	67448200	6
E040	67448200	67450400	4
E040	67450400	67451000	6
E040	67451000	67455200	4
E040	67455200	67464400	5
E040	67464400	67465000	7
E040	67465000	67472400	5
E040	67472400	67473200	4
E040	67473200	67484400	5
E040	67484400	67485400	4
E040	67485400	67505800	5
E040	67505800	67508000	4
E040	67508000	67517600	5
E040	67517600	67518400	7
E040	67518400	67519200	2
E040	67519200	67520400	1
E040	67520400	67520600	2
E040	67520600	67549000	15
E040	67549000	67571400	14
E040	67571400	67571600	7
E040	67571600	67598400	15
E040	67598400	67600200	14
E040	67600200	67600600	13
E040	67600600	67600800	11
E040	67600800	67601400	13
E040	67601400	67608800	14
E040	67608800	67609000	2
E040	67609000	67610800	7
E040	67610800	67614400	5
E040	67614400	67615400	7
E040	67615400	67628400	15
E040	67628400	67628800	7
E040	67628800	67630800	14
E040	67630800	67631600	13
E040	67631600	67635000	14
E040	67635000	67636200	7
E040	67636200	67636600	2
E040	67636600	67639400	7
E040	67639400	67642000	14
E040	67642000	67655600	15
E040	67655600	67655800	7
E040	67655800	67656800	5
E040	67656800	67661400	7
E040	67661400	67676800	15
E040	67676800	67678000	7
E040	67678000	67716000	15
E040	67716000	67716800	9
E040	67716800	67727600	15
E040	67727600	67728600	7
E040	67728600	67730200	5
E040	67730200	67731000	7
E040	67731000	67766926	15
E041	67362595	67382200	15
E041	67382200	67389000	5
E041	67389000	67389400	7
E041	67389400	67389800	2
E041	67389800	67391400	1
E041	67391400	67392200	2
E041	67392200	67393200	7
E041	67393200	67394000	5
E041	67394000	67395000	7
E041	67395000	67395600	2
E041	67395600	67398000	1
E041	67398000	67399800	2
E041	67399800	67400400	1
E041	67400400	67401600	2
E041	67401600	67406400	7
E041	67406400	67408200	6
E041	67408200	67408400	2
E041	67408400	67409000	7
E041	67409000	67411000	5
E041	67411000	67411200	4
E041	67411200	67414800	6
E041	67414800	67419600	4
E041	67419600	67420200	6
E041	67420200	67425800	4
E041	67425800	67427400	6
E041	67427400	67446000	4
E041	67446000	67446600	6
E041	67446600	67446800	7
E041	67446800	67447200	2
E041	67447200	67447600	1
E041	67447600	67447800	3
E041	67447800	67448400	6
E041	67448400	67455600	4
E041	67455600	67461400	5
E041	67461400	67461800	7
E041	67461800	67464600	5
E041	67464600	67464800	6
E041	67464800	67465600	7
E041	67465600	67474200	5
E041	67474200	67476200	4
E041	67476200	67479200	5
E041	67479200	67479400	8
E041	67479400	67484200	5
E041	67484200	67488400	4
E041	67488400	67490200	5
E041	67490200	67491000	4
E041	67491000	67501800	5
E041	67501800	67516000	4
E041	67516000	67517000	6
E041	67517000	67517200	2
E041	67517200	67518000	7
E041	67518000	67518600	2
E041	67518600	67520200	1
E041	67520200	67520600	2
E041	67520600	67532800	15
E041	67532800	67534200	9
E041	67534200	67579800	15
E041	67579800	67580400	9
E041	67580400	67584000	15
E041	67584000	67584800	7
E041	67584800	67599200	15
E041	67599200	67600200	14
E041	67600200	67600400	1
E041	67600400	67600800	2
E041	67600800	67601000	7
E041	67601000	67607200	15
E041	67607200	67607800	7
E041	67607800	67608200	5
E041	67608200	67612800	7
E041	67612800	67614400	5
E041	67614400	67615200	7
E041	67615200	67625200	15
E041	67625200	67625600	7
E041	67625600	67628200	5
E041	67628200	67628800	7
E041	67628800	67635000	5
E041	67635000	67636000	7
E041	67636000	67637800	2
E041	67637800	67639200	7
E041	67639200	67640400	5
E041	67640400	67640600	7
E041	67640600	67641000	5
E041	67641000	67642000	7
E041	67642000	67655600	15
E041	67655600	67656400	7
E041	67656400	67657400	5
E041	67657400	67661800	7
E041	67661800	67677200	15
E041	67677200	67678600	7
E041	67678600	67727600	15
E041	67727600	67728600	7
E041	67728600	67729800	5
E041	67729800	67731000	7
E041	67731000	67739400	15
E041	67739400	67740600	7
E041	67740600	67766926	15
E042	67362595	67389400	15
E042	67389400	67389600	7
E042	67389600	67390000	2
E042	67390000	67390200	1
E042	67390200	67391400	3
E042	67391400	67391800	2
E042	67391800	67392000	7
E042	67392000	67394200	5
E042	67394200	67394400	7
E042	67394400	67394800	5
E042	67394800	67395000	7
E042	67395000	67395600	2
E042	67395600	67396600	3
E042	67396600	67398800	1
E042	67398800	67399600	2
E042	67399600	67400200	1
E042	67400200	67400800	2
E042	67400800	67403600	7
E042	67403600	67404000	5
E042	67404000	67409400	7
E042	67409400	67410800	5
E042	67410800	67415400	4
E042	67415400	67418400	5
E042	67418400	67420800	4
E042	67420800	67424200	5
E042	67424200	67425600	4
E042	67425600	67426200	5
E042	67426200	67427400	6
E042	67427400	67432200	4
E042	67432200	67436400	5
E042	67436400	67444800	4
E042	67444800	67446000	5
E042	67446000	67447800	7
E042	67447800	67448400	5
E042	67448400	67449400	4
E042	67449400	67450000	5
E042	67450000	67450600	4
E042	67450600	67464600	5
E042	67464600	67465200	7
E042	67465200	67465800	5
E042	67465800	67466800	4
E042	67466800	67484200	5
E042	67484200	67486800	4
E042	67486800	67503200	5
E042	67503200	67514000	4
E042	67514000	67516800	5
E042	67516800	67517800	7
E042	67517800	67518000	5
E042	67518000	67518800	1
E042	67518800	67520000	3
E042	67520000	67520400	2
E042	67520400	67520800	7
E042	67520800	67533000	15
E042	67533000	67534000	9
E042	67534000	67538200	15
E042	67538200	67541400	14
E042	67541400	67600200	15
E042	67600200	67600400	7
E042	67600400	67600800	2
E042	67600800	67601800	14
E042	67601800	67608400	15
E042	67608400	67612800	7
E042	67612800	67614400	5
E042	67614400	67615400	7
E042	67615400	67624200	15
E042	67624200	67624400	7
E042	67624400	67625000	5
E042	67625000	67625600	7
E042	67625600	67628000	5
E042	67628000	67629800	7
E042	67629800	67630200	5
E042	67630200	67631400	7
E042	67631400	67631600	2
E042	67631600	67632200	1
E042	67632200	67632400	2
E042	67632400	67632600	1
E042	67632600	67632800	2
E042	67632800	67633400	3
E042	67633400	67635200	1
E042	67635200	67637800	2
E042	67637800	67638600	7
E042	67638600	67639000	2
E042	67639000	67641800	7
E042	67641800	67654000	15
E042	67654000	67655800	7
E042	67655800	67656000	2
E042	67656000	67663400	7
E042	67663400	67677000	5
E042	67677000	67679200	7
E042	67679200	67683400	5
E042	67683400	67683800	7
E042	67683800	67722800	15
E042	67722800	67723200	7
E042	67723200	67727600	5
E042	67727600	67728200	7
E042	67728200	67730200	5
E042	67730200	67731600	7
E042	67731600	67738400	5
E042	67738400	67738600	8
E042	67738600	67740600	5
E042	67740600	67740800	7
E042	67740800	67766926	15
E043	67362595	67381400	15
E043	67381400	67383600	5
E043	67383600	67384000	4
E043	67384000	67389000	5
E043	67389000	67389400	7
E043	67389400	67390200	2
E043	67390200	67391200	1
E043	67391200	67392000	2
E043	67392000	67392800	7
E043	67392800	67394400	5
E043	67394400	67395200	7
E043	67395200	67395400	2
E043	67395400	67396600	1
E043	67396600	67396800	2
E043	67396800	67397000	1
E043	67397000	67399000	2
E043	67399000	67399400	7
E043	67399400	67399800	2
E043	67399800	67400200	1
E043	67400200	67400600	2
E043	67400600	67407200	7
E043	67407200	67407600	6
E043	67407600	67408600	7
E043	67408600	67411200	5
E043	67411200	67421600	4
E043	67421600	67423000	5
E043	67423000	67426200	4
E043	67426200	67427600	6
E043	67427600	67446000	4
E043	67446000	67447000	6
E043	67447000	67447600	3
E043	67447600	67448600	6
E043	67448600	67455000	4
E043	67455000	67461600	5
E043	67461600	67462000	7
E043	67462000	67468600	5
E043	67468600	67477600	4
E043	67477600	67484200	5
E043	67484200	67488800	4
E043	67488800	67493800	5
E043	67493800	67495400	4
E043	67495400	67497000	5
E043	67497000	67497800	4
E043	67497800	67502200	5
E043	67502200	67516600	4
E043	67516600	67516800	6
E043	67516800	67517000	5
E043	67517000	67518200	7
E043	67518200	67519000	2
E043	67519000	67520200	1
E043	67520200	67520400	2
E043	67520400	67520600	7
E043	67520600	67533200	15
E043	67533200	67534600	9
E043	67534600	67579600	15
E043	67579600	67580200	9
E043	67580200	67600200	15
E043	67600200	67600400	7
E043	67600400	67601000	2
E043	67601000	67607400	5
E043	67607400	67607600	7
E043	67607600	67608400	5
E043	67608400	67610600	7
E043	67610600	67611600	5
E043	67611600	67612400	7
E043	67612400	67614400	5
E043	67614400	67615400	7
E043	67615400	67628400	15
E043	67628400	67628800	7
E043	67628800	67635200	15
E043	67635200	67636400	7
E043	67636400	67637200	2
E043	67637200	67639400	7
E043	67639400	67657200	15
E043	67657200	67657800	7
E043	67657800	67659400	5
E043	67659400	67661800	7
E043	67661800	67677600	15
E043	67677600	67678400	7
E043	67678400	67716200	15
E043	67716200	67716800	9
E043	67716800	67727600	15
E043	67727600	67728200	7
E043	67728200	67730400	5
E043	67730400	67731000	7
E043	67731000	67740400	15
E043	67740400	67741000	7
E043	67741000	67766926	15
E044	67362595	67373800	15
E044	67373800	67376000	14
E044	67376000	67389200	15
E044	67389200	67389600	7
E044	67389600	67390000	2
E044	67390000	67391200	1
E044	67391200	67392400	2
E044	67392400	67392800	7
E044	67392800	67395000	5
E044	67395000	67395600	2
E044	67395600	67396600	3
E044	67396600	67398000	1
E044	67398000	67399600	2
E044	67399600	67400200	1
E044	67400200	67400600	2
E044	67400600	67402200	7
E044	67402200	67403000	5
E044	67403000	67405600	7
E044	67405600	67408000	6
E044	67408000	67408400	7
E044	67408400	67410600	5
E044	67410600	67412400	4
E044	67412400	67413600	6
E044	67413600	67426200	4
E044	67426200	67426800	6
E044	67426800	67446000	4
E044	67446000	67446200	5
E044	67446200	67447000	7
E044	67447000	67447600	2
E044	67447600	67448400	6
E044	67448400	67453400	4
E044	67453400	67454400	5
E044	67454400	67455200	4
E044	67455200	67464600	5
E044	67464600	67465200	6
E044	67465200	67471200	4
E044	67471200	67476000	5
E044	67476000	67477800	4
E044	67477800	67483800	5
E044	67483800	67488200	4
E044	67488200	67491400	5
E044	67491400	67491800	4
E044	67491800	67493800	5
E044	67493800	67497200	4
E044	67497200	67498400	5
E044	67498400	67498600	4
E044	67498600	67502200	5
E044	67502200	67516200	4
E044	67516200	67516600	5
E044	67516600	67517800	7
E044	67517800	67518000	5
E044	67518000	67520200	1
E044	67520200	67520600	2
E044	67520600	67520800	7
E044	67520800	67532200	15
E044	67532200	67534400	9
E044	67534400	67538600	15
E044	67538600	67539400	9
E044	67539400	67558000	15
E044	67558000	67559800	14
E044	67559800	67560400	13
E044	67560400	67563400	14
E044	67563400	67579400	15
E044	67579400	67580000	9
E044	67580000	67600400	15
E044	67600400	67600800	1
E044	67600800	67608200	15
E044	67608200	67610000	7
E044	67610000	67614600	5
E044	67614600	67615200	7
E044	67615200	67628400	15
E044	67628400	67628800	7
E044	67628800	67635600	5
E044	67635600	67636400	7
E044	67636400	67637000	2
E044	67637000	67638400	7
E044	67638400	67655800	15
E044	67655800	67656600	7
E044	67656600	67658400	5
E044	67658400	67661400	7
E044	67661400	67714400	15
E044	67714400	67716600	9
E044	67716600	67727600	15
E044	67727600	67728600	7
E044	67728600	67730000	5
E044	67730000	67730800	7
E044	67730800	67731200	5
E044	67731200	67731600	7
E044	67731600	67766926	15
E045	67362595	67389400	15
E045	67389400	67389600	7
E045	67389600	67391400	1
E045	67391400	67392000	2
E045	67392000	67393200	7
E045	67393200	67394800	5
E045	67394800	67395200	7
E045	67395200	67395600	2
E045	67395600	67397600	1
E045	67397600	67397800	5
E045	67397800	67398800	7
E045	67398800	67399200	2
E045	67399200	67400400	1
E045	67400400	67401400	7
E045	67401400	67403000	5
E045	67403000	67404200	7
E045	67404200	67405800	5
E045	67405800	67406400	6
E045	67406400	67407600	4
E045	67407600	67407800	6
E045	67407800	67408400	7
E045	67408400	67410600	5
E045	67410600	67415200	4
E045	67415200	67416600	5
E045	67416600	67419600	4
E045	67419600	67422800	5
E045	67422800	67426000	4
E045	67426000	67426400	5
E045	67426400	67427400	7
E045	67427400	67427800	5
E045	67427800	67433000	4
E045	67433000	67436200	5
E045	67436200	67444600	4
E045	67444600	67446400	5
E045	67446400	67447000	7
E045	67447000	67447600	1
E045	67447600	67447800	3
E045	67447800	67448000	6
E045	67448000	67450600	4
E045	67450600	67452200	5
E045	67452200	67452800	4
E045	67452800	67454400	5
E045	67454400	67455600	4
E045	67455600	67484200	5
E045	67484200	67486600	4
E045	67486600	67501800	5
E045	67501800	67506600	4
E045	67506600	67509200	5
E045	67509200	67513400	4
E045	67513400	67516800	5
E045	67516800	67518400	7
E045	67518400	67518600	2
E045	67518600	67520400	1
E045	67520400	67520600	7
E045	67520600	67557000	15
E045	67557000	67564600	14
E045	67564600	67608600	15
E045	67608600	67609000	7
E045	67609000	67614800	5
E045	67614800	67615200	7
E045	67615200	67631200	15
E045	67631200	67631400	7
E045	67631400	67632800	15
E045	67632800	67633000	7
E045	67633000	67635800	14
E045	67635800	67636400	7
E045	67636400	67637000	2
E045	67637000	67638800	7
E045	67638800	67659800	15
E045	67659800	67660400	7
E045	67660400	67660800	5
E045	67660800	67661400	7
E045	67661400	67766926	15
E046	67362595	67385800	15
E046	67385800	67389400	5
E046	67389400	67389800	7
E046	67389800	67390400	2
E046	67390400	67391200	1
E046	67391200	67391600	2
E046	67391600	67392000	7
E046	67392000	67395000	5
E046	67395000	67395200	7
E046	67395200	67395600	2
E046	67395600	67397800	1
E046	67397800	67399800	5
E046	67399800	67400000	1
E046	67400000	67400200	2
E046	67400200	67400600	7
E046	67400600	67402000	5
E046	67402000	67402200	7
E046	67402200	67402600	5
E046	67402600	67403400	7
E046	67403400	67406400	5
E046	67406400	67455600	4
E046	67455600	67459600	5
E046	67459600	67460000	4
E046	67460000	67462400	5
E046	67462400	67465000	4
E046	67465000	67466400	5
E046	67466400	67470800	4
E046	67470800	67473000	5
E046	67473000	67476400	4
E046	67476400	67477200	5
E046	67477200	67478600	4
E046	67478600	67481000	5
E046	67481000	67490600	4
E046	67490600	67494400	5
E046	67494400	67497800	4
E046	67497800	67501000	5
E046	67501000	67517400	4
E046	67517400	67518400	5
E046	67518400	67518800	2
E046	67518800	67520000	1
E046	67520000	67520400	2
E046	67520400	67526800	15
E046	67526800	67533000	14
E046	67533000	67534400	9
E046	67534400	67536600	15
E046	67536600	67540200	14
E046	67540200	67600000	15
E046	67600000	67600200	14
E046	67600200	67600400	7
E046	67600400	67600600	11
E046	67600600	67600800	12
E046	67600800	67601200	13
E046	67601200	67604600	14
E046	67604600	67608400	15
E046	67608400	67608600	7
E046	67608600	67609200	5
E046	67609200	67609400	7
E046	67609400	67614400	5
E046	67614400	67615200	7
E046	67615200	67629200	15
E046	67629200	67629400	7
E046	67629400	67632000	5
E046	67632000	67632400	7
E046	67632400	67634600	1
E046	67634600	67636400	5
E046	67636400	67637800	7
E046	67637800	67659400	15
E046	67659400	67662800	7
E046	67662800	67678000	15
E046	67678000	67678600	7
E046	67678600	67680400	5
E046	67680400	67680800	7
E046	67680800	67691000	15
E046	67691000	67693200	7
E046	67693200	67693600	5
E046	67693600	67695200	7
E046	67695200	67727400	15
E046	67727400	67731600	7
E046	67731600	67737400	15
E046	67737400	67739000	9
E046	67739000	67739200	15
E046	67739200	67739600	7
E046	67739600	67740600	5
E046	67740600	67741200	7
E046	67741200	67766926	15
E047	67362595	67388800	15
E047	67388800	67389600	7
E047	67389600	67389800	2
E047	67389800	67391200	1
E047	67391200	67391800	2
E047	67391800	67393400	7
E047	67393400	67394600	5
E047	67394600	67395200	7
E047	67395200	67395400	2
E047	67395400	67397400	1
E047	67397400	67397600	2
E047	67397600	67399400	7
E047	67399400	67399800	2
E047	67399800	67400200	1
E047	67400200	67400600	2
E047	67400600	67401800	7
E047	67401800	67402800	5
E047	67402800	67406400	7
E047	67406400	67406600	2
E047	67406600	67407000	7
E047	67407000	67408000	5
E047	67408000	67408600	7
E047	67408600	67411800	5
E047	67411800	67412400	4
E047	67412400	67413200	5
E047	67413200	67415400	4
E047	67415400	67417800	5
E047	67417800	67418800	4
E047	67418800	67423000	5
E047	67423000	67425800	4
E047	67425800	67426400	5
E047	67426400	67427000	7
E047	67427000	67427600	6
E047	67427600	67429200	4
E047	67429200	67430600	5
E047	67430600	67434400	4
E047	67434400	67436000	5
E047	67436000	67437200	4
E047	67437200	67438400	5
E047	67438400	67438800	4
E047	67438800	67442200	5
E047	67442200	67443600	4
E047	67443600	67446000	5
E047	67446000	67446200	7
E047	67446200	67446600	5
E047	67446600	67447000	7
E047	67447000	67447200	2
E047	67447200	67447600	1
E047	67447600	67448000	7
E047	67448000	67450000	5
E047	67450000	67451200	4
E047	67451200	67461400	5
E047	67461400	67462200	7
E047	67462200	67468400	5
E047	67468400	67469200	4
E047	67469200	67484400	5
E047	67484400	67487200	4
E047	67487200	67504000	5
E047	67504000	67504400	4
E047	67504400	67506400	5
E047	67506400	67507400	4
E047	67507400	67509200	5
E047	67509200	67514000	4
E047	67514000	67516000	5
E047	67516000	67517400	7
E047	67517400	67517800	5
E047	67517800	67518400	7
E047	67518400	67518600	2
E047	67518600	67520200	1
E047	67520200	67520600	2
E047	67520600	67556400	15
E047	67556400	67574400	14
E047	67574400	67579600	15
E047	67579600	67580800	9
E047	67580800	67584200	15
E047	67584200	67584800	7
E047	67584800	67600200	15
E047	67600200	67600400	7
E047	67600400	67600800	2
E047	67600800	67601400	7
E047	67601400	67608400	15
E047	67608400	67610000	7
E047	67610000	67614600	5
E047	67614600	67615000	7
E047	67615000	67621000	15
E047	67621000	67625200	14
E047	67625200	67635400	15
E047	67635400	67636400	7
E047	67636400	67636600	2
E047	67636600	67636800	7
E047	67636800	67637000	2
E047	67637000	67637400	7
E047	67637400	67637800	2
E047	67637800	67639200	7
E047	67639200	67659400	15
E047	67659400	67661400	7
E047	67661400	67677600	15
E047	67677600	67678400	7
E047	67678400	67727200	15
E047	67727200	67728400	7
E047	67728400	67729600	5
E047	67729600	67731600	7
E047	67731600	67740000	15
E047	67740000	67741000	7
E047	67741000	67766926	15
E048	67362595	67389200	15
E048	67389200	67389600	7
E048	67389600	67389800	2
E048	67389800	67391400	1
E048	67391400	67392000	2
E048	67392000	67393000	7
E048	67393000	67394600	5
E048	67394600	67395000	7
E048	67395000	67395400	2
E048	67395400	67398000	1
E048	67398000	67398400	2
E048	67398400	67398800	7
E048	67398800	67399000	2
E048	67399000	67399600	7
E048	67399600	67400400	1
E048	67400400	67402000	7
E048	67402000	67402600	5
E048	67402600	67406000	7
E048	67406000	67406800	5
E048	67406800	67408400	7
E048	67408400	67411800	5
E048	67411800	67412800	6
E048	67412800	67415400	4
E048	67415400	67423600	5
E048	67423600	67423800	4
E048	67423800	67428000	5
E048	67428000	67429200	4
E048	67429200	67430600	5
E048	67430600	67431800	4
E048	67431800	67435400	5
E048	67435400	67437400	4
E048	67437400	67446400	5
E048	67446400	67448000	7
E048	67448000	67448400	5
E048	67448400	67450600	4
E048	67450600	67452200	5
E048	67452200	67453000	4
E048	67453000	67464600	5
E048	67464600	67465200	7
E048	67465200	67506400	5
E048	67506400	67506600	4
E048	67506600	67507800	5
E048	67507800	67508600	4
E048	67508600	67509400	5
E048	67509400	67509800	4
E048	67509800	67514200	5
E048	67514200	67514600	4
E048	67514600	67516600	5
E048	67516600	67518200	7
E048	67518200	67518600	2
E048	67518600	67520200	1
E048	67520200	67520400	2
E048	67520400	67520600	7
E048	67520600	67600400	15
E048	67600400	67601000	1
E048	67601000	67607000	14
E048	67607000	67607600	7
E048	67607600	67608600	5
E048	67608600	67610400	7
E048	67610400	67614400	5
E048	67614400	67615400	7
E048	67615400	67635400	15
E048	67635400	67636200	7
E048	67636200	67636600	2
E048	67636600	67637000	7
E048	67637000	67637200	2
E048	67637200	67637400	7
E048	67637400	67637600	2
E048	67637600	67639200	7
E048	67639200	67658200	15
E048	67658200	67660400	7
E048	67660400	67660800	5
E048	67660800	67661400	7
E048	67661400	67677600	15
E048	67677600	67679000	7
E048	67679000	67727400	15
E048	67727400	67728000	7
E048	67728000	67730000	5
E048	67730000	67730800	7
E048	67730800	67766926	15
E050	67362595	67385200	15
E050	67385200	67385800	9
E050	67385800	67386400	8
E050	67386400	67389200	5
E050	67389200	67389400	7
E050	67389400	67390200	2
E050	67390200	67391200	1
E050	67391200	67392000	2
E050	67392000	67393000	7
E050	67393000	67394600	5
E050	67394600	67395000	7
E050	67395000	67395800	2
E050	67395800	67396600	1
E050	67396600	67397800	2
E050	67397800	67398200	7
E050	67398200	67398400	2
E050	67398400	67399400	7
E050	67399400	67400400	2
E050	67400400	67404800	7
E050	67404800	67406400	5
E050	67406400	67409400	4
E050	67409400	67410600	5
E050	67410600	67419800	4
E050	67419800	67421000	5
E050	67421000	67422400	4
E050	67422400	67422600	5
E050	67422600	67434000	4
E050	67434000	67435200	5
E050	67435200	67445800	4
E050	67445800	67446400	5
E050	67446400	67447000	7
E050	67447000	67447200	2
E050	67447200	67447600	1
E050	67447600	67447800	6
E050	67447800	67456800	4
E050	67456800	67461400	5
E050	67461400	67462200	7
E050	67462200	67463800	5
E050	67463800	67465400	7
E050	67465400	67466400	6
E050	67466400	67467600	4
E050	67467600	67468400	6
E050	67468400	67470200	4
E050	67470200	67473400	5
E050	67473400	67480400	4
E050	67480400	67481400	8
E050	67481400	67483800	5
E050	67483800	67488400	4
E050	67488400	67490200	5
E050	67490200	67490800	4
E050	67490800	67494800	5
E050	67494800	67498200	4
E050	67498200	67499600	5
E050	67499600	67501600	9
E050	67501600	67503400	8
E050	67503400	67516600	4
E050	67516600	67517000	6
E050	67517000	67518000	7
E050	67518000	67519200	2
E050	67519200	67519800	1
E050	67519800	67520000	2
E050	67520000	67520200	1
E050	67520200	67520600	2
E050	67520600	67520800	7
E050	67520800	67532600	15
E050	67532600	67534400	9
E050	67534400	67538400	15
E050	67538400	67539400	9
E050	67539400	67554400	15
E050	67554400	67556400	9
E050	67556400	67579400	15
E050	67579400	67580400	9
E050	67580400	67600000	15
E050	67600000	67600200	7
E050	67600200	67601000	2
E050	67601000	67601200	7
E050	67601200	67601400	14
E050	67601400	67614800	15
E050	67614800	67615400	7
E050	67615400	67630600	14
E050	67630600	67636200	13
E050	67636200	67637800	12
E050	67637800	67642000	13
E050	67642000	67647800	14
E050	67647800	67648600	9
E050	67648600	67657400	14
E050	67657400	67657800	7
E050	67657800	67660000	14
E050	67660000	67660800	7
E050	67660800	67661200	14
E050	67661200	67665200	13
E050	67665200	67673600	14
E050	67673600	67716400	15
E050	67716400	67718600	9
E050	67718600	67727200	15
E050	67727200	67730400	7
E050	67730400	67731000	2
E050	67731000	67734200	7
E050	67734200	67738000	15
E050	67738000	67739600	9
E050	67739600	67766000	15
E050	67766000	67766800	7
E050	67766800	67766926	5
E051	67362595	67382600	15
E051	67382600	67384000	9
E051	67384000	67384600	5
E051	67384600	67385600	4
E051	67385600	67386400	8
E051	67386400	67388800	5
E051	67388800	67389200	7
E051	67389200	67390200	2
E051	67390200	67391200	1
E051	67391200	67392000	2
E051	67392000	67393000	7
E051	67393000	67394600	5
E051	67394600	67395000	7
E051	67395000	67395800	2
E051	67395800	67397000	1
E051	67397000	67400400	2
E051	67400400	67401400	7
E051	67401400	67404200	5
E051	67404200	67404800	7
E051	67404800	67406400	5
E051	67406400	67406600	6
E051	67406600	67408200	4
E051	67408200	67409800	5
E051	67409800	67410000	4
E051	67410000	67410800	5
E051	67410800	67426400	4
E051	67426400	67427400	6
E051	67427400	67446400	4
E051	67446400	67446600	6
E051	67446600	67447400	2
E051	67447400	67447600	1
E051	67447600	67447800	2
E051	67447800	67448000	3
E051	67448000	67455400	4
E051	67455400	67457800	5
E051	67457800	67460000	4
E051	67460000	67461200	5
E051	67461200	67461400	7
E051	67461400	67461800	2
E051	67461800	67462200	7
E051	67462200	67464000	5
E051	67464000	67465800	7
E051	67465800	67466200	5
E051	67466200	67467400	4
E051	67467400	67468600	6
E051	67468600	67471600	4
E051	67471600	67472600	5
E051	67472600	67475600	4
E051	67475600	67476000	8
E051	67476000	67480400	4
E051	67480400	67481400	8
E051	67481400	67488800	4
E051	67488800	67490200	5
E051	67490200	67497800	4
E051	67497800	67499600	5
E051	67499600	67500600	9
E051	67500600	67503400	8
E051	67503400	67516200	4
E051	67516200	67517000	5
E051	67517000	67517600	7
E051	67517600	67518800	2
E051	67518800	67519000	1
E051	67519000	67519200	2
E051	67519200	67520200	1
E051	67520200	67520600	2
E051	67520600	67520800	1
E051	67520800	67532000	15
E051	67532000	67535800	9
E051	67535800	67538600	15
E051	67538600	67540200	9
E051	67540200	67554200	15
E051	67554200	67556400	9
E051	67556400	67579200	15
E051	67579200	67580800	9
E051	67580800	67585600	15
E051	67585600	67587400	9
E051	67587400	67600000	15
E051	67600000	67600200	7
E051	67600200	67601000	2
E051	67601000	67601200	7
E051	67601200	67614400	15
E051	67614400	67615400	7
E051	67615400	67615800	14
E051	67615800	67619000	13
E051	67619000	67621800	14
E051	67621800	67623000	13
E051	67623000	67623200	12
E051	67623200	67623400	13
E051	67623400	67628400	14
E051	67628400	67636000	13
E051	67636000	67637600	12
E051	67637600	67642600	13
E051	67642600	67646600	14
E051	67646600	67649000	9
E051	67649000	67651200	14
E051	67651200	67652000	13
E051	67652000	67655600	14
E051	67655600	67659800	13
E051	67659800	67661000	12
E051	67661000	67665200	13
E051	67665200	67673400	14
E051	67673400	67713400	15
E051	67713400	67718600	9
E051	67718600	67722000	15
E051	67722000	67722400	7
E051	67722400	67727400	5
E051	67727400	67727800	2
E051	67727800	67729600	7
E051	67729600	67731600	2
E051	67731600	67734400	7
E051	67734400	67737400	15
E051	67737400	67739800	9
E051	67739800	67751200	15
E051	67751200	67753800	9
E051	67753800	67757000	15
E051	67757000	67761400	9
E051	67761400	67765800	15
E051	67765800	67766800	7
E051	67766800	67766926	5
E062	67362595	67385000	15
E062	67385000	67388800	5
E062	67388800	67389600	7
E062	67389600	67391800	2
E062	67391800	67393000	7
E062	67393000	67395000	5
E062	67395000	67395200	7
E062	67395200	67397600	2
E062	67397600	67399600	5
E062	67399600	67400000	1
E062	67400000	67400200	2
E062	67400200	67400800	7
E062	67400800	67403400	5
E062	67403400	67404400	7
E062	67404400	67407200	5
E062	67407200	67407800	4
E062	67407800	67409200	5
E062	67409200	67414600	4
E062	67414600	67416600	5
E062	67416600	67422000	4
E062	67422000	67425600	5
E062	67425600	67432000	4
E062	67432000	67434800	5
E062	67434800	67435600	4
E062	67435600	67440600	5
E062	67440600	67445800	4
E062	67445800	67446800	5
E062	67446800	67447000	7
E062	67447000	67447200	2
E062	67447200	67447600	1
E062	67447600	67448000	5
E062	67448000	67450800	4
E062	67450800	67452000	5
E062	67452000	67452200	4
E062	67452200	67455200	5
E062	67455200	67455600	4
E062	67455600	67467000	5
E062	67467000	67471200	4
E062	67471200	67481200	5
E062	67481200	67481400	8
E062	67481400	67484400	5
E062	67484400	67486800	4
E062	67486800	67503800	5
E062	67503800	67511000	4
E062	67511000	67512400	5
E062	67512400	67515000	4
E062	67515000	67518000	5
E062	67518000	67518400	7
E062	67518400	67518800	2
E062	67518800	67519000	1
E062	67519000	67519200	2
E062	67519200	67519400	1
E062	67519400	67520400	2
E062	67520400	67533000	15
E062	67533000	67534200	9
E062	67534200	67579200	15
E062	67579200	67581000	9
E062	67581000	67600200	15
E062	67600200	67600400	7
E062	67600400	67600800	2
E062	67600800	67608800	15
E062	67608800	67609600	7
E062	67609600	67614800	5
E062	67614800	67615200	7
E062	67615200	67636000	14
E062	67636000	67637600	7
E062	67637600	67715800	15
E062	67715800	67716600	9
E062	67716600	67730200	15
E062	67730200	67731000	7
E062	67731000	67757000	15
E062	67757000	67766926	14
E115	67362595	67382800	15
E115	67382800	67385400	9
E115	67385400	67386400	8
E115	67386400	67388600	5
E115	67388600	67388800	7
E115	67388800	67390000	2
E115	67390000	67391400	1
E115	67391400	67392400	2
E115	67392400	67392800	7
E115	67392800	67393000	2
E115	67393000	67395000	7
E115	67395000	67395800	2
E115	67395800	67397200	1
E115	67397200	67400400	2
E115	67400400	67401600	7
E115	67401600	67405400	5
E115	67405400	67406400	4
E115	67406400	67407000	6
E115	67407000	67445400	4
E115	67445400	67445600	5
E115	67445600	67446000	6
E115	67446000	67446800	7
E115	67446800	67447800	2
E115	67447800	67448000	6
E115	67448000	67455200	4
E115	67455200	67461800	5
E115	67461800	67464400	4
E115	67464400	67465600	6
E115	67465600	67466200	5
E115	67466200	67476000	4
E115	67476000	67477400	5
E115	67477400	67479600	4
E115	67479600	67483200	5
E115	67483200	67488200	4
E115	67488200	67494600	5
E115	67494600	67496600	4
E115	67496600	67501800	5
E115	67501800	67503000	4
E115	67503000	67503400	8
E115	67503400	67516600	4
E115	67516600	67517200	6
E115	67517200	67517800	7
E115	67517800	67518800	2
E115	67518800	67520000	1
E115	67520000	67520800	2
E115	67520800	67532000	14
E115	67532000	67533000	15
E115	67533000	67535200	9
E115	67535200	67539400	15
E115	67539400	67540400	9
E115	67540400	67555600	15
E115	67555600	67573800	14
E115	67573800	67608800	15
E115	67608800	67635600	14
E115	67635600	67637600	7
E115	67637600	67638200	12
E115	67638200	67643000	14
E115	67643000	67648400	15
E115	67648400	67649200	9
E115	67649200	67656600	14
E115	67656600	67657200	13
E115	67657200	67660200	14
E115	67660200	67660600	12
E115	67660600	67671200	14
E115	67671200	67688600	15
E115	67688600	67705600	14
E115	67705600	67714200	15
E115	67714200	67718200	9
E115	67718200	67730200	15
E115	67730200	67731600	7
E115	67731600	67766926	15
E116	67362595	67388200	15
E116	67388200	67389200	7
E116	67389200	67389800	2
E116	67389800	67392600	1
E116	67392600	67393000	2
E116	67393000	67393200	7
E116	67393200	67394000	5
E116	67394000	67394400	1
E116	67394400	67395000	7
E116	67395000	67395600	2
E116	67395600	67399200	1
E116	67399200	67399600	2
E116	67399600	67401600	1
E116	67401600	67402800	5
E116	67402800	67404800	7
E116	67404800	67406000	5
E116	67406000	67407800	4
E116	67407800	67409200	5
E116	67409200	67414800	4
E116	67414800	67416400	5
E116	67416400	67419200	4
E116	67419200	67419800	5
E116	67419800	67420000	6
E116	67420000	67420800	5
E116	67420800	67429400	4
E116	67429400	67430200	5
E116	67430200	67431200	4
E116	67431200	67432000	8
E116	67432000	67433600	5
E116	67433600	67442400	4
E116	67442400	67444400	5
E116	67444400	67446000	4
E116	67446000	67446800	5
E116	67446800	67448800	6
E116	67448800	67449800	4
E116	67449800	67451200	6
E116	67451200	67451400	5
E116	67451400	67455000	4
E116	67455000	67484200	5
E116	67484200	67486600	4
E116	67486600	67500400	5
E116	67500400	67500800	8
E116	67500800	67506000	5
E116	67506000	67509800	4
E116	67509800	67510600	5
E116	67510600	67511000	6
E116	67511000	67511200	5
E116	67511200	67514200	4
E116	67514200	67515800	5
E116	67515800	67516600	4
E116	67516600	67517200	3
E116	67517200	67517400	2
E116	67517400	67517800	7
E116	67517800	67518200	2
E116	67518200	67520600	1
E116	67520600	67529000	14
E116	67529000	67532200	15
E116	67532200	67536200	9
E116	67536200	67536400	15
E116	67536400	67539800	9
E116	67539800	67553600	15
E116	67553600	67576000	14
E116	67576000	67578000	7
E116	67578000	67579000	2
E116	67579000	67579200	7
E116	67579200	67579400	15
E116	67579400	67580200	9
E116	67580200	67582000	15
E116	67582000	67585200	14
E116	67585200	67586000	13
E116	67586000	67588600	14
E116	67588600	67600400	15
E116	67600400	67600800	7
E116	67600800	67609800	14
E116	67609800	67610000	7
E116	67610000	67612400	5
E116	67612400	67612600	7
E116	67612600	67614400	5
E116	67614400	67615400	7
E116	67615400	67624200	15
E116	67624200	67625400	9
E116	67625400	67628600	15
E116	67628600	67629400	7
E116	67629400	67630800	5
E116	67630800	67632200	7
E116	67632200	67632400	2
E116	67632400	67632600	1
E116	67632600	67633200	7
E116	67633200	67636200	5
E116	67636200	67638400	7
E116	67638400	67640000	5
E116	67640000	67641200	7
E116	67641200	67642000	9
E116	67642000	67648000	15
E116	67648000	67648800	9
E116	67648800	67650800	15
E116	67650800	67651400	7
E116	67651400	67655400	15
E116	67655400	67657600	7
E116	67657600	67658000	5
E116	67658000	67661400	7
E116	67661400	67666600	15
E116	67666600	67667800	9
E116	67667800	67677600	15
E116	67677600	67677800	7
E116	67677800	67678200	2
E116	67678200	67679600	7
E116	67679600	67680000	2
E116	67680000	67681000	7
E116	67681000	67681800	8
E116	67681800	67683800	9
E116	67683800	67692400	15
E116	67692400	67696200	9
E116	67696200	67703200	15
E116	67703200	67704000	9
E116	67704000	67714200	15
E116	67714200	67721000	9
E116	67721000	67729600	15
E116	67729600	67731000	7
E116	67731000	67737400	15
E116	67737400	67739800	9
E116	67739800	67751600	15
E116	67751600	67752400	7
E116	67752400	67759200	15
E116	67759200	67766926	14
E123	67362595	67382000	15
E123	67382000	67382400	7
E123	67382400	67382800	5
E123	67382800	67383400	8
E123	67383400	67387600	5
E123	67387600	67388800	7
E123	67388800	67389600	2
E123	67389600	67394000	1
E123	67394000	67394200	2
E123	67394200	67394400	7
E123	67394400	67395000	5
E123	67395000	67401400	1
E123	67401400	67402000	5
E123	67402000	67404600	7
E123	67404600	67407200	5
E123	67407200	67409400	4
E123	67409400	67409600	6
E123	67409600	67410800	5
E123	67410800	67415600	4
E123	67415600	67418000	5
E123	67418000	67419600	4
E123	67419600	67421400	6
E123	67421400	67425400	4
E123	67425400	67426200	5
E123	67426200	67427400	4
E123	67427400	67428000	5
E123	67428000	67429200	4
E123	67429200	67430600	5
E123	67430600	67438400	4
E123	67438400	67444000	5
E123	67444000	67449400	4
E123	67449400	67467000	5
E123	67467000	67468600	7
E123	67468600	67479200	5
E123	67479200	67479800	7
E123	67479800	67503200	5
E123	67503200	67504200	4
E123	67504200	67510600	5
E123	67510600	67511800	4
E123	67511800	67516600	5
E123	67516600	67517400	7
E123	67517400	67517600	5
E123	67517600	67520200	1
E123	67520200	67520600	2
E123	67520600	67520800	7
E123	67520800	67524200	5
E123	67524200	67524600	7
E123	67524600	67526400	5
E123	67526400	67529600	7
E123	67529600	67533400	15
E123	67533400	67534200	9
E123	67534200	67538400	15
E123	67538400	67539400	9
E123	67539400	67552600	15
E123	67552600	67555000	7
E123	67555000	67563000	5
E123	67563000	67563600	7
E123	67563600	67566600	5
E123	67566600	67568400	7
E123	67568400	67591800	15
E123	67591800	67592600	1
E123	67592600	67598600	5
E123	67598600	67599600	7
E123	67599600	67602800	5
E123	67602800	67605800	7
E123	67605800	67607200	5
E123	67607200	67607600	2
E123	67607600	67609400	7
E123	67609400	67614400	5
E123	67614400	67614600	7
E123	67614600	67615200	2
E123	67615200	67628400	15
E123	67628400	67629400	7
E123	67629400	67636600	15
E123	67636600	67637800	7
E123	67637800	67654000	15
E123	67654000	67654200	7
E123	67654200	67654400	15
E123	67654400	67655800	5
E123	67655800	67657000	7
E123	67657000	67658800	2
E123	67658800	67660000	7
E123	67660000	67672400	15
E123	67672400	67672600	7
E123	67672600	67673200	2
E123	67673200	67675800	1
E123	67675800	67676000	3
E123	67676000	67676200	1
E123	67676200	67677000	2
E123	67677000	67677600	7
E123	67677600	67677800	5
E123	67677800	67679200	6
E123	67679200	67679800	4
E123	67679800	67681800	5
E123	67681800	67682800	7
E123	67682800	67690600	5
E123	67690600	67692800	4
E123	67692800	67702000	5
E123	67702000	67703800	4
E123	67703800	67722000	5
E123	67722000	67723200	4
E123	67723200	67738200	5
E123	67738200	67738800	8
E123	67738800	67740400	5
E123	67740400	67740600	8
E123	67740600	67740800	5
E123	67740800	67766926	15
E124	67362595	67389600	15
E124	67389600	67391200	1
E124	67391200	67392000	2
E124	67392000	67393000	7
E124	67393000	67394600	5
E124	67394600	67394800	7
E124	67394800	67395600	2
E124	67395600	67397000	1
E124	67397000	67397800	2
E124	67397800	67398000	7
E124	67398000	67398400	2
E124	67398400	67399000	7
E124	67399000	67399800	2
E124	67399800	67400600	1
E124	67400600	67402200	5
E124	67402200	67405000	7
E124	67405000	67405600	5
E124	67405600	67412200	4
E124	67412200	67413400	6
E124	67413400	67456400	4
E124	67456400	67468000	5
E124	67468000	67469800	4
E124	67469800	67472000	5
E124	67472000	67474400	4
E124	67474400	67475800	5
E124	67475800	67477600	4
E124	67477600	67482600	5
E124	67482600	67487200	4
E124	67487200	67494600	5
E124	67494600	67497600	4
E124	67497600	67501800	5
E124	67501800	67516000	4
E124	67516000	67517800	5
E124	67517800	67518000	7
E124	67518000	67518800	2
E124	67518800	67520000	1
E124	67520000	67520600	2
E124	67520600	67526000	14
E124	67526000	67532600	15
E124	67532600	67534200	9
E124	67534200	67600200	15
E124	67600200	67600400	1
E124	67600400	67601000	2
E124	67601000	67617800	15
E124	67617800	67638200	14
E124	67638200	67714400	15
E124	67714400	67718200	9
E124	67718200	67738000	15
E124	67738000	67739600	9
E124	67739600	67766926	15
