Interval	uniqID	rsID	chr	pos	p	nLeadSNPs	start	end	leadSNPs	nSNPs	nGWASSNPs
1	1:7879063:C:T	rs2797685	1	7879063	2.7e-10	1	7822723	7906008	rs2797685	23	5
2	1:67705958:A:G	rs11209026	1	67705958	9.9e-65	13	67362595	67766926	rs6656890:rs12061545:rs10889657:rs12041056:rs11209018:rs11805303:rs7517847:rs12030948:rs11209026:rs1343151:rs12045232:rs11209032:rs6660226	262	47
3	1:114377568:A:G	rs2476601	1	114377568	4.5e-09	1	114303808	114377568	rs2476601	2	2
4	1:155230131:C:T	rs1142287	1	155230131	1.3e-09	3	155199315	156016356	rs1142287:rs821551:rs867549	308	64
5	1:172853460:C:T	rs7517810	1	172853460	1.5e-15	1	172807254	172871681	rs7517810	52	10
6	1:197727642:A:G	rs1998598	1	197727642	4.9e-09	1	197342686	197784249	rs1998598	61	11
7	1:206939904:A:G	rs3024505	1	206939904	8.3e-09	1	206939904	206968955	rs3024505	7	1
8	2:25492467:A:G	rs13428812	2	25492467	1.4e-08	1	25488819	25506107	rs13428812	9	2
9	2:61224259:C:T	rs10181042	2	61224259	6.6e-09	1	61186829	61231014	rs10181042	25	6
10	2:103054449:A:G	rs2058660	2	103054449	1.6e-12	3	102917234	103188785	rs12712135:rs2058660:rs6724109	305	39
11	2:231116874:C:T	rs7423615	2	231116874	4.6e-09	1	231083171	231171423	rs7423615	42	9
12	2:234184417:A:G	rs3792109	2	234184417	6.7e-41	9	234142691	234303405	rs13432541:rs6431659:rs3792109:rs4663396:rs11886745:rs1000141:rs2241874:rs3792091:rs11679046	208	48
13	3:49721532:A:G	rs3197999	3	49721532	6.2e-17	7	48446237	50209053	rs11719291:rs4410472:rs3924462:rs3197999:rs3749237:rs2352974:rs2240326	738	154
14	5:40410584:C:T	rs11742570	5	40410584	7e-36	15	40288878	40899159	rs4245975:rs7725523:rs1550761:rs17234657:rs11742570:rs11957215:rs6882351:rs10077544:rs10440635:rs1876143:rs10043301:rs6869535:rs1345778:rs10065570:rs704034	704	93
15	5:96244549:C:T	rs2549794	5	96244549	4.5e-11	2	96200770	96373750	rs2549794:rs18059	257	32
16	5:131784393:G:T	rs12521868	5	131784393	1.4e-20	17	129776565	131835395	rs11743851:rs11746464:rs17674015:rs25887:rs39897:rs3749756:rs7705189:rs156109:rs2073643:rs7705826:rs6897597:rs11242110:rs2285673:rs12521868:rs11745587:rs2548993:rs2070727	394	113
17	5:141479065:A:C	rs11167764	5	141479065	1.1e-09	2	141435466	141542709	rs11167764:rs11739961	110	14
18	5:150270420:A:G	rs7714584	5	150270420	7.8e-19	2	150169843	150338714	rs9324656:rs7714584	236	20
19	5:158787385:A:G	rs6556412	5	158787385	5.4e-14	4	158764177	158944085	rs6556412:rs9313808:rs4921227:rs7703043	87	17
20	6:20728731:C:T	rs6908425	6	20728731	1.4e-08	2	20640871	20835260	rs6908425:rs7753109	23	7
21	6:106435025:A:G	rs6568421	6	106435025	4.4e-08	1	106435025	106442096	rs6568421	4	2
22	6:167406633:C:G	rs415890	6	167406633	2.5e-12	3	167360389	167544278	rs9355610:rs415890:rs12203510	370	48
23	7:50304461:C:T	rs1456896	7	50304461	1.2e-08	1	50257634	50323174	rs1456896	25	5
24	7:153487944:A:G	rs2098112	7	153487944	4.5e-15	1	153451274	153497853	rs2098112	100	4
25	8:126537570:A:G	rs4871611	8	126537570	1.5e-12	2	126529074	126565413	rs12676771:rs4871611	20	4
26	9:4981602:A:C	rs10758669	9	4981602	1e-13	3	4981602	5268264	rs10758669:rs7849191:rs12347727	429	55
27	9:117552885:C:T	rs3810936	9	117552885	1e-15	3	117538334	117692882	rs3810936:rs7040029:rs13300483	37	13
28	9:139266496:C:T	rs4077515	9	139266496	4.4e-19	5	139257147	139403280	rs4077515:rs563:rs10448340:rs8413:rs17567909	169	33
29	10:35535695:A:G	rs12242110	10	35535695	1.1e-09	1	35268132	35554054	rs12242110	314	40
30	10:64445564:A:G	rs10761659	10	64445564	4.4e-22	7	64387108	64629705	rs7086136:rs729739:rs12766391:rs10761659:rs224135:rs224136:rs224292	186	43
31	10:81060317:A:C	rs1250550	10	81060317	2e-10	1	81042475	81067480	rs1250550	15	1
32	10:101284237:G:T	rs4409764	10	101284237	2.3e-20	4	101271789	101327851	rs11190134:rs4409764:rs989979:rs989978	98	26
33	11:76301375:C:T	rs7927997	11	76301375	5.6e-13	1	76270683	76302073	rs7927997	21	4
34	12:40385118:C:T	rs11174631	12	40385118	2.1e-09	1	40337163	40385118	rs11174631	8	1
35	12:40792300:A:G	rs11564258	12	40792300	6.2e-21	2	40388109	40986579	rs4768234:rs11564258	497	19
36	13:44457925:A:G	rs3764147	13	44457925	1.4e-10	1	44413467	44490181	rs3764147	25	3
37	14:88472595:C:T	rs8005161	14	88472595	1.3e-08	1	88404343	88506864	rs8005161	25	4
38	15:67442596:C:T	rs17293632	15	67442596	1.4e-13	2	67437863	67468285	rs17293443:rs17293632	23	6
39	16:28490517:C:T	rs151181	16	28490517	1.1e-10	2	28298418	28919341	rs2650492:rs151181	346	29
40	16:50756881:A:G	rs2076756	16	50756881	4e-69	14	50339668	50845533	rs9922362:rs4643314:rs8047812:rs6500315:rs8047853:rs12930566:rs1990623:rs9673419:rs1109863:rs7194886:rs2076756:rs5743291:rs1077861:rs17314544	182	61
41	17:32593665:A:G	rs3091315	17	32593665	1.7e-13	2	32516704	32640025	rs3091315:rs17809115	53	12
42	17:38040763:A:G	rs2872507	17	38040763	1.5e-09	1	37903731	38089717	rs2872507	113	24
43	17:40570772:A:C	rs11871801	17	40570772	2.5e-08	1	40568094	40690118	rs11871801	58	7
44	18:12809340:A:G	rs1893217	18	12809340	1.3e-14	4	12744692	12886441	rs10460003:rs9948472:rs1893217:rs12955302	81	10
45	19:1124835:A:G	rs740495	19	1124835	8.2e-12	1	1106477	1128312	rs740495	11	2
46	19:10469975:A:C	rs12720356	19	10469975	9.2e-10	2	10408439	10602180	rs12720356:rs11879191	56	5
47	19:49214274:A:G	rs281379	19	49214274	8.6e-10	1	49168942	49250239	rs281379	68	14
48	20:62349586:A:G	rs4809330	20	62349586	2.5e-12	4	62198236	62387417	rs310672:rs909334:rs2297441:rs4809330	181	21
49	21:16812552:A:C	rs1736020	21	16812552	9.3e-12	2	16784168	16841303	rs1736020:rs2823286	76	15
50	21:45615023:A:G	rs2838519	21	45615023	2.1e-14	1	45611686	45633388	rs2838519	29	8
51	22:21928641:A:G	rs181359	22	21928641	6.3e-13	1	21910280	21985094	rs181359	95	25
52	22:30592487:C:G	rs713875	22	30592487	5.7e-09	1	30269907	30592487	rs713875	27	8
53	22:39659773:C:T	rs2413583	22	39659773	1.7e-10	1	39659773	39735087	rs2413583	10	2
