No	uniqID	rsID	chr	pos	p	nSNPs	nGWASSNPs	interval
1	1:7879063:C:T	rs2797685	1	7879063	2.7e-10	23	5	1
2	1:67458463:A:G	rs6656890	1	67458463	2.2e-15	38	1	2
3	1:67526029:A:G	rs12061545	1	67526029	1.8e-08	5	2	2
4	1:67615487:C:T	rs10889657	1	67615487	1.3e-26	63	8	2
5	1:67627260:C:T	rs12041056	1	67627260	2.7e-08	19	4	2
6	1:67667291:A:G	rs11209018	1	67667291	1.2e-20	28	11	2
7	1:67675516:C:T	rs11805303	1	67675516	2.3e-48	24	6	2
8	1:67681669:G:T	rs7517847	1	67681669	1.6e-53	14	3	2
9	1:67701765:G:T	rs12030948	1	67701765	4e-08	13	1	2
10	1:67705958:A:G	rs11209026	1	67705958	9.9e-65	26	2	2
11	1:67719129:A:G	rs1343151	1	67719129	7.8e-39	18	3	2
12	1:67738359:A:T	rs12045232	1	67738359	2e-08	12	1	2
13	1:67740092:A:G	rs11209032	1	67740092	2.3e-30	19	4	2
14	1:67744601:A:G	rs6660226	1	67744601	1.5e-22	12	4	2
15	1:114377568:A:G	rs2476601	1	114377568	4.5e-09	2	2	3
16	1:155230131:C:T	rs1142287	1	155230131	1.3e-09	200	37	4
17	1:155688580:A:C	rs821551	1	155688580	5.1e-09	162	32	4
18	1:155880159:C:T	rs867549	1	155880159	1.3e-08	104	24	4
19	1:172853460:C:T	rs7517810	1	172853460	1.5e-15	52	10	5
20	1:197727642:A:G	rs1998598	1	197727642	4.9e-09	61	11	6
21	1:206939904:A:G	rs3024505	1	206939904	8.3e-09	7	1	7
