uniqID	chr	pos	rsID	leadSNP	gwasP	logP	r2	ld	CADD	RDB	nearestGene	func	E029	E030	E031	E032	E033	E034	E035	E036	E037	E038	E039	E040	E041	E042	E043	E044	E045	E046	E047	E048	E050	E051	E062	E115	E116	E123	E124	eqtl
1:156156094:A:G	1	156156094	rs112223391	rs1052053	9.979e-08	7.00091297737411	0.621899	0	3.348	5	SNORA26	intergenic	5	7	9	15	15	15	15	15	15	15	15	15	15	15	15	15	15	15	15	15	5	15	5	15	9	7	5	GTEx:Adipose_Subcutaneous:SLC25A44:1.42727e-08:0.0002707535<br/>GTEx:Artery_Tibial:SLC25A44:2.61888e-09:0.0002630016<br/>GTEx:Lung:SLC25A44:4.70080e-11:0.0003837798<br/>GTEx:Nerve_Tibial:SLC25A44:7.64591e-09:0.0002226793<br/>GTEx:Thyroid:SLC25A44:1.72319e-10:0.0002244938
1:156156219:C:T	1	156156219	rs7534339	rs1052053	5.178e-08	7.28583795390115	0.634756	0	1.327	1f	SNORA26	intergenic	5	7	9	15	15	15	15	15	15	15	15	15	15	15	15	15	15	15	15	15	5	9	5	15	9	7	5	GTEx:Adipose_Subcutaneous:SLC25A44:1.21420e-08:0.0002707535<br/>GTEx:Artery_Tibial:SLC25A44:1.92630e-09:0.0002630016<br/>GTEx:Lung:SLC25A44:1.22989e-10:0.0003837798<br/>GTEx:Nerve_Tibial:SLC25A44:1.08554e-08:0.0002226793<br/>GTEx:Thyroid:SLC25A44:1.78833e-10:0.0002244938
1:156156789:A:G	1	156156789	rs6427304	rs1052053	1.019e-11	10.9918258159936	0.907278	0	3.514	5	SNORA26	intergenic	5	5	15	15	15	15	15	15	15	15	15	15	15	15	15	15	15	15	15	15	5	9	5	15	15	15	5	GTEx:Esophagus_Mucosa:SEMA4A:9.94946e-10:0.0003122395<br/>GTEx:Lung:SLC25A44:3.41721e-08:0.0003837798<br/>GTEx:Thyroid:SEMA4A:5.26488e-09:0.0002244938
1:156156951:C:G	1	156156951	rs11587860	rs1052053	2.542e-12	11.594824453782	0.907278	0	0.547	5	SNORA26	intergenic	5	5	15	15	15	15	15	15	15	15	15	15	15	15	15	15	15	15	15	15	5	9	5	15	15	15	5	GTEx:Cells_Transformed_fibroblasts:SLC25A44:3.36135e-08:0.0009069691<br/>GTEx:Esophagus_Mucosa:SEMA4A:1.67809e-09:0.0003122395<br/>GTEx:Lung:SLC25A44:2.47544e-08:0.0003837798<br/>GTEx:Thyroid:SEMA4A:2.46791e-08:0.0002244938
1:156157490:A:T	1	156157490	rs11264457	rs1052053	NA	0	0.796891	0	6.023	6	SNORA26	intergenic	5	5	15	15	15	15	15	15	15	15	15	15	15	15	15	15	15	15	15	15	5	15	5	15	15	15	5	NA
1:156158367:C:T	1	156158367	rs2758615	rs1052053	3.059e-11	10.5144205230153	0.861546	0	2.812	6	SNORA26	intergenic	5	5	15	15	15	15	15	15	15	15	15	15	15	15	15	15	15	15	15	15	5	15	5	15	15	15	5	GTEx:Esophagus_Mucosa:SEMA4A:1.12346e-09:0.0003122395<br/>GTEx:Lung:SLC25A44:1.88067e-09:0.0003837798<br/>GTEx:Thyroid:SEMA4A:4.44493e-09:0.0002244938
1:156159064:A:C	1	156159064	rs57056972	rs1052053	8.12e-08	7.09044397075882	0.634756	0	5.452	5	SNORA26	intergenic	5	5	15	15	15	15	9	9	15	15	15	15	15	15	15	15	15	15	15	15	5	15	5	9	15	9	5	GTEx:Adipose_Subcutaneous:SLC25A44:1.43427e-08:0.0002707535<br/>GTEx:Artery_Tibial:SLC25A44:2.90563e-09:0.0002630016<br/>GTEx:Lung:SLC25A44:4.77722e-11:0.0003837798<br/>GTEx:Nerve_Tibial:SLC25A44:8.26393e-09:0.0002226793<br/>GTEx:Thyroid:SLC25A44:1.71030e-10:0.0002244938
1:156159217:A:G	1	156159217	rs2842864	rs1052053	2.409e-11	10.6181632000017	0.861546	0	3.831	5	SNORA26	intergenic	5	5	15	15	15	15	9	9	15	15	15	15	15	15	15	15	15	15	15	15	5	15	5	9	15	9	5	GTEx:Esophagus_Mucosa:SEMA4A:1.12037e-09:0.0003122395<br/>GTEx:Lung:SLC25A44:1.31392e-09:0.0003837798<br/>GTEx:Thyroid:SEMA4A:1.08588e-08:0.0002244938
1:156159532:A:G	1	156159532	rs2842865	rs1052053	5.39e-11	10.2684112348133	0.861546	0	3.376	6	SNORA26	intergenic	5	5	15	15	15	15	15	15	15	15	15	15	15	15	15	15	15	15	15	15	5	15	5	9	15	15	5	GTEx:Cells_Transformed_fibroblasts:SLC25A44:1.80981e-08:0.0009069691<br/>GTEx:Esophagus_Mucosa:SEMA4A:2.13357e-09:0.0003122395<br/>GTEx:Lung:SLC25A44:1.08894e-09:0.0003837798<br/>GTEx:Thyroid:SEMA4A:1.93961e-08:0.0002244938
1:156159909:C:G	1	156159909	rs55910626	rs1052053	9.911e-08	7.00388252386271	0.630201	0	3.482	7	SNORA26	intergenic	5	5	15	15	15	15	15	15	15	15	15	15	15	15	15	15	15	15	15	15	5	15	5	15	15	15	5	GTEx:Adipose_Subcutaneous:SLC25A44:1.17792e-08:0.0002707535<br/>GTEx:Artery_Tibial:SLC25A44:1.59719e-09:0.0002630016<br/>GTEx:Lung:SLC25A44:4.65062e-11:0.0003837798<br/>GTEx:Nerve_Tibial:SLC25A44:4.37062e-09:0.0002226793<br/>GTEx:Skin_Sun_Exposed_Lower_leg:SLC25A44:4.84905e-08:0.0002881303<br/>GTEx:Thyroid:SLC25A44:1.21549e-10:0.0002244938
1:156160358:C:T	1	156160358	rs2758616	rs1052053	3.281e-11	10.483993769614	0.861546	0	2.548	5	SNORA26	intergenic	5	5	15	15	15	15	15	15	15	15	15	15	15	15	15	15	15	15	15	15	5	15	5	15	15	15	5	GTEx:Esophagus_Mucosa:SEMA4A:1.65948e-09:0.0003122395<br/>GTEx:Lung:SLC25A44:1.55598e-08:0.0003837798<br/>GTEx:Thyroid:SEMA4A:1.82349e-08:0.0002244938
1:156160696:A:G	1	156160696	rs2842869	rs1052053	1.899e-11	10.721475035263	0.861546	0	2.806	6	SNORA26	intergenic	5	5	15	15	15	15	15	15	15	15	15	15	15	15	15	15	15	15	15	15	5	15	5	15	15	15	5	GTEx:Esophagus_Mucosa:SEMA4A:1.15060e-09:0.0003122395<br/>GTEx:Lung:SLC25A44:1.43406e-09:0.0003837798<br/>GTEx:Thyroid:SEMA4A:1.30264e-08:0.0002244938
1:156160822:C:T	1	156160822	rs10159384	rs1052053	9.167e-08	7.03777276864991	0.634756	0	1.053	6	SNORA26	intergenic	5	5	15	15	15	15	15	15	15	15	15	15	15	15	15	15	15	15	15	15	5	15	5	15	15	15	5	GTEx:Adipose_Subcutaneous:SLC25A44:1.44467e-08:0.0002707535<br/>GTEx:Artery_Tibial:SLC25A44:3.04162e-09:0.0002630016<br/>GTEx:Lung:SLC25A44:4.87291e-11:0.0003837798<br/>GTEx:Nerve_Tibial:SLC25A44:8.59700e-09:0.0002226793<br/>GTEx:Thyroid:SLC25A44:1.73749e-10:0.0002244938
1:156160892:C:T	1	156160892	rs2758618	rs1052053	2.552e-11	10.5931193299509	0.861546	0	0.353	6	SNORA26	downstream	5	5	15	15	15	15	15	15	15	15	15	15	15	15	15	15	15	15	15	15	5	15	5	15	15	15	5	GTEx:Esophagus_Mucosa:SEMA4A:1.09314e-09:0.0003122395<br/>GTEx:Lung:SLC25A44:1.58016e-09:0.0003837798<br/>GTEx:Thyroid:SEMA4A:1.32173e-08:0.0002244938
1:156161682:C:T	1	156161682	rs61462713	rs1052053	9.025e-08	7.0445527894223	0.634756	0	9.131	3a	SNORA26	downstream	7	7	7	15	15	15	15	7	15	15	15	15	15	15	15	15	15	15	15	15	7	7	5	15	7	2	7	GTEx:Artery_Tibial:SLC25A44:4.08338e-09:0.0002630016<br/>GTEx:Lung:SLC25A44:1.89260e-10:0.0003837798<br/>GTEx:Nerve_Tibial:SLC25A44:1.01205e-08:0.0002226793<br/>GTEx:Thyroid:SLC25A44:1.80672e-10:0.0002244938
1:156162559:A:G	1	156162559	rs2758619	rs1052053	2.678e-11	10.572189427324	0.861546	0	0.771	5	SNORA26	upstream	5	7	5	15	15	15	15	7	15	15	15	15	15	15	15	15	15	15	15	15	5	7	5	15	15	2	5	GTEx:Cells_Transformed_fibroblasts:SLC25A44:3.56608e-08:0.0009069691<br/>GTEx:Esophagus_Mucosa:SEMA4A:1.14955e-09:0.0003122395<br/>GTEx:Lung:SLC25A44:1.67712e-09:0.0003837798<br/>GTEx:Thyroid:SEMA4A:1.01686e-08:0.0002244938
1:156162633:C:T	1	156162633	rs10157293	rs1052053	NA	0	0.634756	0	4.293	5	SNORA26	upstream	7	7	7	15	15	15	15	7	15	15	15	15	15	15	15	15	15	15	15	15	5	7	5	15	15	1	7	NA
1:156163906:C:T	1	156163906	rs41265025	rs1052053	8.467e-08	7.07227044022835	0.634756	0	9.565	4	SLC25A44	UTR5	1	1	2	1	1	2	1	1	1	1	1	1	1	3	1	1	1	1	1	1	1	1	1	1	1	1	1	GTEx:Adipose_Subcutaneous:SLC25A44:1.48389e-08:0.0002707535<br/>GTEx:Artery_Tibial:SLC25A44:3.30639e-09:0.0002630016<br/>GTEx:Lung:SLC25A44:5.04885e-11:0.0003837798<br/>GTEx:Nerve_Tibial:SLC25A44:4.66995e-09:0.0002226793<br/>GTEx:Thyroid:SLC25A44:1.25250e-10:0.0002244938
1:156164885:C:G	1	156164885	rs2540183	rs1052053	3.547e-10	9.45013881152806	0.792805	0	4.598	7	SLC25A44	intronic	7	2	7	7	7	7	7	5	7	7	7	7	2	7	7	7	7	7	7	7	7	7	5	2	1	5	2	GTEx:Lung:SLC25A44:4.64506e-09:0.0003837798<br/>GTEx:Nerve_Tibial:SLC25A44:2.85968e-08:0.0002226793<br/>GTEx:Thyroid:SLC25A44:8.20075e-10:0.0002244938
1:156165290:G:T	1	156165290	rs3001790	rs1052053	1.394e-11	10.855737226238	0.847553	0	4.91	5	SLC25A44	intronic	7	6	7	6	6	6	5	4	7	7	7	7	6	2	7	5	7	6	7	7	5	6	4	3	2	5	2	GTEx:Cells_Transformed_fibroblasts:SLC25A44:4.22935e-08:0.0009069691<br/>GTEx:Esophagus_Mucosa:SEMA4A:2.92899e-09:0.0003122395<br/>GTEx:Lung:SLC25A44:4.71238e-09:0.0003837798<br/>GTEx:Thyroid:SEMA4A:2.18845e-08:0.0002244938
1:156165317:C:G	1	156165317	rs2984615	rs1052053	1.394e-11	10.855737226238	0.854431	0	9.482	5	SLC25A44	intronic	7	6	7	6	6	6	5	4	7	7	7	7	6	2	7	5	7	6	7	7	5	6	4	3	2	5	2	GTEx:Cells_Transformed_fibroblasts:SLC25A44:4.22935e-08:0.0009069691<br/>GTEx:Esophagus_Mucosa:SEMA4A:2.92899e-09:0.0003122395<br/>GTEx:Lung:SLC25A44:4.71238e-09:0.0003837798<br/>GTEx:Thyroid:SEMA4A:2.18845e-08:0.0002244938
1:156165342:G:T	1	156165342	rs2842882	rs1052053	9.245e-12	11.0340930845048	0.854431	0	14.14	4	SLC25A44	intronic	7	6	7	6	6	6	5	4	7	7	7	7	6	2	7	5	7	6	7	7	5	6	4	3	2	5	2	GTEx:Cells_Transformed_fibroblasts:SLC25A44:4.23153e-08:0.0009069691<br/>GTEx:Esophagus_Mucosa:SEMA4A:2.92865e-09:0.0003122395<br/>GTEx:Lung:SLC25A44:4.70911e-09:0.0003837798<br/>GTEx:Thyroid:SEMA4A:2.18869e-08:0.0002244938
1:156165881:C:T	1	156165881	rs55675376	rs1052053	8.134e-08	7.08969583193143	0.634756	0	8.948	4	SLC25A44	intronic	6	6	4	6	6	6	5	4	7	6	5	5	6	6	6	4	5	6	5	5	4	4	4	6	3	4	5	GTEx:Adipose_Subcutaneous:SLC25A44:1.24205e-08:0.0002707535<br/>GTEx:Artery_Tibial:SLC25A44:1.76931e-09:0.0002630016<br/>GTEx:Lung:SLC25A44:4.89753e-11:0.0003837798<br/>GTEx:Nerve_Tibial:SLC25A44:4.96937e-09:0.0002226793<br/>GTEx:Skin_Sun_Exposed_Lower_leg:SLC25A44:4.93601e-08:0.0002881303<br/>GTEx:Thyroid:SLC25A44:1.24847e-10:0.0002244938
1:156168736:C:T	1	156168736	rs2842857	rs1052053	3.823e-11	10.417595701981	0.872025	0	1.457	2b	SLC25A44	intronic	4	6	4	4	4	6	5	4	7	7	7	7	6	7	7	5	7	6	7	7	4	5	6	5	2	5	4	GTEx:Esophagus_Mucosa:SEMA4A:1.42049e-09:0.0003122395<br/>GTEx:Lung:SLC25A44:1.16414e-09:0.0003837798<br/>GTEx:Thyroid:SEMA4A:7.81262e-09:0.0002244938
1:156169610:A:G	1	156169610	rs2072499	rs1052053	3.225e-12	11.4914702810287	0.907278	0	1.227	5	SLC25A44	intronic	4	6	4	4	4	6	4	4	7	5	6	5	6	7	6	6	6	4	5	5	4	4	6	4	6	4	4	GTEx:Esophagus_Mucosa:SEMA4A:1.17137e-09:0.0003122395<br/>GTEx:Lung:SLC25A44:3.58748e-08:0.0003837798<br/>GTEx:Thyroid:SEMA4A:1.46646e-08:0.0002244938
1:156171296:C:G	1	156171296	rs2253677	rs1052053	4.554e-11	10.3416069737209	0.861546	0	1.031	6	SLC25A44	intronic	6	2	3	6	4	4	6	6	7	6	5	5	6	6	5	4	4	4	5	5	4	4	6	5	3	5	6	GTEx:Cells_Transformed_fibroblasts:SLC25A44:3.47489e-08:0.0009069691<br/>GTEx:Esophagus_Mucosa:SEMA4A:1.16849e-09:0.0003122395<br/>GTEx:Lung:SLC25A44:1.89867e-09:0.0003837798<br/>GTEx:Thyroid:SEMA4A:1.01091e-08:0.0002244938
1:156172125:C:T	1	156172125	rs2253809	rs1052053	8.48e-12	11.0716041477433	0.907278	0	0.905	NA	SLC25A44	intronic	6	2	3	4	4	4	6	4	5	5	6	5	6	6	4	4	4	4	5	5	4	4	6	4	3	6	6	GTEx:Esophagus_Mucosa:SEMA4A:1.17137e-09:0.0003122395<br/>GTEx:Lung:SLC25A44:3.58748e-08:0.0003837798<br/>GTEx:Thyroid:SEMA4A:1.46646e-08:0.0002244938
1:156173082:C:T	1	156173082	rs2241109	rs1052053	4.951e-08	7.30530707366852	0.634756	0	4.619	NA	SLC25A44	intronic	4	7	6	4	4	4	5	4	4	4	5	5	4	6	4	4	4	4	5	5	4	4	4	4	5	6	4	GTEx:Adipose_Subcutaneous:SLC25A44:1.55236e-08:0.0002707535<br/>GTEx:Artery_Tibial:SLC25A44:3.31195e-09:0.0002630016<br/>GTEx:Lung:SLC25A44:5.12474e-11:0.0003837798<br/>GTEx:Nerve_Tibial:SLC25A44:5.03168e-09:0.0002226793<br/>GTEx:Thyroid:SLC25A44:1.25696e-10:0.0002244938
1:156173685:C:T	1	156173685	rs2266514	rs1052053	1.404e-11	10.8526328922062	0.857954	0	0.41	6	SLC25A44	intronic	4	7	5	5	4	4	5	4	5	5	5	5	4	5	4	4	5	4	5	5	4	4	5	4	5	5	4	GTEx:Cells_Transformed_fibroblasts:SLC25A44:3.47489e-08:0.0009069691<br/>GTEx:Esophagus_Mucosa:SEMA4A:1.16849e-09:0.0003122395<br/>GTEx:Lung:SLC25A44:1.89867e-09:0.0003837798<br/>GTEx:Thyroid:SEMA4A:1.01091e-08:0.0002244938
1:156174475:C:T	1	156174475	rs2736605	rs1052053	2.473e-11	10.6067758836387	0.861546	0	8.997	7	SLC25A44	intronic	4	6	5	4	4	4	5	4	5	5	4	5	4	5	4	4	5	4	5	5	4	4	4	4	6	5	4	GTEx:Cells_Transformed_fibroblasts:SLC25A44:3.78968e-08:0.0009069691<br/>GTEx:Esophagus_Mucosa:SEMA4A:1.22469e-09:0.0003122395<br/>GTEx:Lung:SLC25A44:1.93371e-09:0.0003837798<br/>GTEx:Thyroid:SEMA4A:9.43477e-09:0.0002244938
1:156174930:G:T	1	156174930	rs2736607	rs1052053	5.83e-08	7.23433144524099	0.630201	0	0.666	6	SLC25A44	intronic	4	6	5	4	4	4	5	4	5	5	4	5	4	5	4	4	5	4	5	5	4	4	4	4	4	5	4	GTEx:Adipose_Subcutaneous:SLC25A44:1.23271e-08:0.0002707535<br/>GTEx:Artery_Tibial:SLC25A44:1.90500e-09:0.0002630016<br/>GTEx:Lung:SLC25A44:1.22369e-10:0.0003837798<br/>GTEx:Nerve_Tibial:SLC25A44:1.11932e-08:0.0002226793<br/>GTEx:Thyroid:SLC25A44:1.79462e-10:0.0002244938
1:156177285:A:T	1	156177285	rs72708291	rs1052053	4.872e-08	7.31229272037518	0.701722	0	2.854	6	SLC25A44	intronic	4	4	5	4	4	4	4	4	5	5	4	5	4	4	4	4	4	4	5	5	4	4	4	4	4	5	4	GTEx:Adipose_Subcutaneous:SLC25A44:1.20041e-08:0.0002707535<br/>GTEx:Artery_Tibial:SLC25A44:6.66791e-09:0.0002630016<br/>GTEx:Lung:SLC25A44:7.00054e-09:0.0003837798<br/>GTEx:Skin_Sun_Exposed_Lower_leg:SLC25A44:2.48735e-08:0.0002881303<br/>GTEx:Thyroid:SLC25A44:1.14388e-09:0.0002244938
1:156181007:C:G	1	156181007	rs2241108	rs1052053	1.021e-11	10.9909742579131	0.907278	0	3.915	7	SLC25A44	UTR3	4	4	5	4	4	4	4	4	5	5	4	5	4	4	5	4	5	4	5	5	4	4	4	4	5	5	4	GTEx:Esophagus_Mucosa:SEMA4A:1.14962e-09:0.0003122395<br/>GTEx:Lung:SLC25A44:3.37973e-08:0.0003837798<br/>GTEx:Thyroid:SEMA4A:1.47063e-08:0.0002244938
1:156181770:A:G	1	156181770	rs2853641	rs1052053	1.776e-11	10.7505570385574	0.907278	0	0.165	6	SLC25A44	UTR3	4	4	5	5	5	5	4	4	5	5	5	5	5	5	5	5	5	5	5	5	5	5	5	6	4	6	4	GTEx:Esophagus_Mucosa:SEMA4A:1.17137e-09:0.0003122395<br/>GTEx:Lung:SLC25A44:3.58748e-08:0.0003837798<br/>GTEx:Thyroid:SEMA4A:1.46646e-08:0.0002244938
1:156182710:C:T	1	156182710	rs2241107	rs1052053	1.407e-11	10.8517059025653	0.907278	0	7.628	NA	PMF1:PMF1-BGLAP:SLC25A44	upstream:upstream:downstream	1	1	1	1	1	1	2	1	1	1	1	1	1	1	1	1	1	1	1	1	1	1	7	1	1	1	1	GTEx:Esophagus_Mucosa:SEMA4A:1.17233e-09:0.0003122395<br/>GTEx:Lung:SLC25A44:3.41073e-08:0.0003837798<br/>GTEx:Thyroid:SEMA4A:1.51945e-08:0.0002244938
1:156184268:C:T	1	156184268	rs1060604	rs1052053	3.492e-11	10.4569257649665	0.844413	0	11.18	4	PMF1:PMF1-BGLAP	intronic:intronic	7	7	7	6	6	7	7	3	7	7	7	7	2	7	2	7	7	7	7	7	2	2	7	3	3	3	7	GTEx:Skin_Sun_Exposed_Lower_leg:SLC25A44:4.54551e-08:0.0002881303<br/>GTEx:Thyroid:SLC25A44:1.23678e-09:0.0002244938
1:156184458:C:T	1	156184458	rs1137703	rs1052053	4.004e-12	11.3975059311927	0.907278	0	0.031	4	PMF1:PMF1-BGLAP	intronic:intronic	6	7	14	6	6	7	5	6	7	7	5	7	2	7	2	7	7	7	7	7	7	2	7	6	6	3	14	GTEx:Esophagus_Mucosa:SEMA4A:1.22792e-09:0.0003122395<br/>GTEx:Lung:SLC25A44:2.36553e-08:0.0003837798<br/>GTEx:Thyroid:SEMA4A:1.29057e-08:0.0002244938
1:156184598:A:G	1	156184598	rs2244144	rs1052053	9.945e-11	10.0023952125395	0.848441	0	3.066	6	PMF1:PMF1-BGLAP	intronic:intronic	6	7	14	6	6	7	5	6	7	7	5	7	2	7	2	7	7	7	7	7	7	2	7	6	6	3	14	GTEx:Lung:SLC25A44:4.74469e-08:0.0003837798<br/>GTEx:Skin_Sun_Exposed_Lower_leg:SLC25A44:4.54452e-08:0.0002881303<br/>GTEx:Thyroid:SLC25A44:1.23678e-09:0.0002244938
1:156184747:C:T	1	156184747	rs2540175	rs1052053	9.329e-12	11.0301649069242	0.907278	0	1.297	NA	PMF1:PMF1-BGLAP	intronic:intronic	6	7	14	6	4	7	5	4	7	5	5	7	7	7	7	7	5	7	7	7	7	7	7	6	6	5	14	GTEx:Esophagus_Mucosa:SEMA4A:3.66869e-10:0.0003122395<br/>GTEx:Lung:SLC25A44:1.16151e-08:0.0003837798<br/>GTEx:Thyroid:SEMA4A:4.85727e-09:0.0002244938
1:156184831:A:G	1	156184831	rs2853643	rs1052053	2.78e-11	10.5559552040819	0.844413	0	0.494	7	PMF1:PMF1-BGLAP	intronic:intronic	6	7	14	6	4	7	5	4	7	5	5	7	2	7	7	7	5	7	7	7	7	6	7	6	6	5	14	GTEx:Lung:SLC25A44:4.74736e-08:0.0003837798<br/>GTEx:Skin_Sun_Exposed_Lower_leg:SLC25A44:4.53311e-08:0.0002881303<br/>GTEx:Thyroid:SLC25A44:1.23614e-09:0.0002244938
1:156186604:A:G	1	156186604	rs4998248	rs1052053	2.045e-10	9.68930668765664	0.903442	0	8.132	5	PMF1:PMF1-BGLAP	intronic:intronic	12	11	13	12	8	12	8	8	11	8	11	12	11	8	11	8	8	8	11	8	11	8	8	8	8	8	11	GTEx:Esophagus_Mucosa:SEMA4A:4.24215e-09:0.0003122395<br/>GTEx:Lung:SLC25A44:1.47325e-08:0.0003837798<br/>GTEx:Thyroid:SEMA4A:1.54747e-08:0.0002244938
1:156186615:A:G	1	156186615	rs7534434	rs1052053	1.81e-10	9.74232142513082	0.907278	0	10.33	5	PMF1:PMF1-BGLAP	intronic:intronic	12	11	13	12	8	12	8	8	11	8	11	12	11	8	11	8	8	8	11	8	11	8	8	8	8	8	11	GTEx:Esophagus_Mucosa:SEMA4A:1.21648e-09:0.0003122395<br/>GTEx:Lung:SLC25A44:1.07340e-08:0.0003837798<br/>GTEx:Thyroid:SEMA4A:1.10392e-08:0.0002244938
1:156186634:C:G	1	156186634	rs2475757	rs1052053	1.808e-10	9.74280157386066	0.858341	0	9.241	5	PMF1:PMF1-BGLAP	intronic:intronic	12	11	13	12	8	12	8	8	11	8	11	12	11	8	11	8	8	8	11	8	11	8	8	8	8	8	11	GTEx:Esophagus_Mucosa:SEMA4A:1.84414e-09:0.0003122395
1:156186880:G:T	1	156186880	rs2853645	rs1052053	1.515e-05	4.81958736716168	0.899785	0	4.561	6	PMF1:PMF1-BGLAP	intronic:intronic	7	1	14	14	5	7	5	5	14	5	14	14	5	5	14	5	5	5	14	5	12	5	5	5	5	5	5	NA
1:156186979:C:G	1	156186979	rs2540174	rs1052053	2.461e-07	6.6088883862972	0.858341	0	0.442	7	PMF1:PMF1-BGLAP	intronic:intronic	7	1	14	14	5	7	5	5	14	5	14	14	5	5	14	5	5	5	14	5	12	5	5	5	5	5	5	NA
1:156188214:A:G	1	156188214	rs2540173	rs1052053	1.352e-11	10.8690233083944	0.907278	0	3.164	NA	PMF1:PMF1-BGLAP	intronic:intronic	7	2	7	5	5	7	7	7	7	7	7	7	7	7	7	7	7	5	7	7	7	2	7	5	2	5	2	GTEx:Esophagus_Mucosa:SEMA4A:1.15968e-09:0.0003122395<br/>GTEx:Lung:SLC25A44:3.11868e-08:0.0003837798<br/>GTEx:Thyroid:SEMA4A:1.62441e-08:0.0002244938
1:156189626:C:T	1	156189626	rs2853646	rs1052053	4.845e-11	10.3147062186132	0.792805	0	1.716	4	PMF1:PMF1-BGLAP	intronic:intronic	5	5	5	5	5	5	5	5	5	5	5	5	6	7	5	5	5	5	5	5	7	7	4	5	5	5	5	GTEx:Lung:SLC25A44:1.93891e-09:0.0003837798<br/>GTEx:Thyroid:SLC25A44:4.02455e-10:0.0002244938
1:156189793:C:T	1	156189793	rs7529564	rs1052053	1.878e-11	10.7263044120699	0.907278	0	1.888	7	PMF1:PMF1-BGLAP	intronic:intronic	5	5	5	5	5	5	5	5	5	5	5	5	6	7	5	5	5	5	5	5	7	7	4	5	5	5	5	GTEx:Esophagus_Mucosa:SEMA4A:4.46839e-11:0.0003122395<br/>GTEx:Skin_Sun_Exposed_Lower_leg:SEMA4A:1.86558e-08:0.0002881303<br/>GTEx:Stomach:SEMA4A:4.85751e-08:0.0016802460<br/>GTEx:Thyroid:SEMA4A:2.34620e-09:0.0002244938
1:156190083:A:G	1	156190083	rs6427307	rs1052053	1.279e-11	10.8931294555213	0.921807	0	3.856	7	PMF1:PMF1-BGLAP	intronic:intronic	4	5	5	5	5	5	5	5	5	5	5	5	6	7	4	5	5	5	5	5	7	5	4	5	5	5	5	GTEx:Esophagus_Mucosa:SEMA4A:1.43960e-09:0.0003122395<br/>GTEx:Lung:SLC25A44:1.99107e-08:0.0003837798<br/>GTEx:Thyroid:SEMA4A:1.32553e-08:0.0002244938
1:156190280:A:C	1	156190280	rs2247476	rs1052053	2.911e-08	7.53595779456119	0.699335	0	1.389	6	PMF1:PMF1-BGLAP	intronic:intronic	4	4	5	4	5	6	5	5	5	4	5	5	6	5	4	4	5	5	5	5	5	5	4	5	5	5	4	GTEx:Adipose_Subcutaneous:SLC25A44:2.00450e-08:0.0002707535<br/>GTEx:Artery_Tibial:SLC25A44:5.44501e-09:0.0002630016<br/>GTEx:Lung:SLC25A44:2.11804e-09:0.0003837798<br/>GTEx:Skin_Sun_Exposed_Lower_leg:SLC25A44:1.38127e-08:0.0002881303<br/>GTEx:Thyroid:SLC25A44:7.17230e-10:0.0002244938
1:156191149:C:T	1	156191149	rs887953	rs1052053	2.258e-11	10.6462760624111	0.858341	0	5.308	NA	PMF1:PMF1-BGLAP	intronic:intronic	4	4	4	4	4	6	5	4	5	4	4	4	6	6	4	4	4	4	4	5	4	6	4	4	6	4	4	GTEx:Esophagus_Mucosa:SEMA4A:3.77337e-09:0.0003122395
1:156192028:C:T	1	156192028	rs909269	rs1052053	2.589e-08	7.58686794956513	0.699335	0	1.866	5	PMF1:PMF1-BGLAP	intronic:intronic	4	4	4	4	4	4	5	6	5	4	4	5	6	6	4	4	4	4	5	5	6	6	4	4	5	4	4	GTEx:Adipose_Subcutaneous:SLC25A44:3.94031e-08:0.0002707535<br/>GTEx:Artery_Tibial:SLC25A44:7.64784e-09:0.0002630016<br/>GTEx:Lung:SLC25A44:6.24183e-09:0.0003837798<br/>GTEx:Thyroid:SLC25A44:8.70336e-10:0.0002244938<br/>BIOSQTL:BIOS_eQTL_geneLevel:PMF1:1.84000e-42:0.0000000000<br/>BIOSQTL:BIOS_eQTL_geneLevel:PMF1-BGLAP:1.84000e-42:0.0000000000
1:156192351:G:T	1	156192351	rs2006302	rs1052053	6.587e-08	7.18131233655849	0.647856	0	0.848	7	PMF1:PMF1-BGLAP	intronic:intronic	4	4	4	4	4	4	5	6	5	4	4	5	6	6	4	4	4	4	5	5	6	6	4	4	5	4	4	GTEx:Esophagus_Mucosa:SEMA4A:3.08830e-09:0.0003122395<br/>GTEx:Lung:SLC25A44:6.17214e-10:0.0003837798<br/>GTEx:Thyroid:SLC25A44:3.14404e-08:0.0002244938
1:156194339:A:G	1	156194339	rs2758598	rs1052053	1.978e-11	10.7037737127388	0.848441	0	0.83	7	PMF1:PMF1-BGLAP	intronic:intronic	5	5	5	5	5	5	5	5	5	5	5	5	5	5	5	5	5	5	5	5	5	4	4	5	5	5	4	GTEx:Lung:SLC25A44:3.41463e-08:0.0003837798<br/>GTEx:Skin_Sun_Exposed_Lower_leg:SLC25A44:3.07368e-08:0.0002881303<br/>GTEx:Thyroid:SLC25A44:8.28344e-10:0.0002244938
1:156194363:C:T	1	156194363	rs2247937	rs1052053	1.003e-10	9.99869906697958	0.792805	0	1.38	6	PMF1:PMF1-BGLAP	intronic:intronic	5	5	5	5	5	5	5	5	5	5	5	5	5	5	5	5	5	5	5	5	5	4	4	5	5	5	4	GTEx:Lung:SLC25A44:1.35185e-09:0.0003837798<br/>GTEx:Thyroid:SLC25A44:5.15310e-10:0.0002244938
1:156195099:A:T	1	156195099	rs2853647	rs1052053	NA	0	0.680044	0	1.938	3a	PMF1:PMF1-BGLAP	intronic:intronic	5	5	5	5	5	7	5	5	5	5	5	5	6	5	5	7	5	5	5	5	7	5	4	5	7	5	5	NA
1:156195205:C:T	1	156195205	rs2758600	rs1052053	2.504e-11	10.6013656754616	0.852082	0	4.944	4	PMF1:PMF1-BGLAP	intronic:intronic	5	5	5	5	5	7	5	5	5	5	5	5	6	7	7	7	7	5	5	5	7	5	4	5	7	5	5	GTEx:Lung:SLC25A44:3.42481e-08:0.0003837798<br/>GTEx:Skin_Sun_Exposed_Lower_leg:SLC25A44:3.18105e-08:0.0002881303<br/>GTEx:Thyroid:SLC25A44:8.39383e-10:0.0002244938
1:156195682:A:G	1	156195682	rs2540171	rs1052053	2.549e-08	7.59363016453073	0.696968	0	2.248	NA	PMF1:PMF1-BGLAP	intronic:intronic	5	5	5	4	5	7	5	7	5	5	5	5	4	7	5	6	5	7	5	5	7	6	4	4	7	5	5	GTEx:Adipose_Subcutaneous:SLC25A44:2.25924e-08:0.0002707535<br/>GTEx:Artery_Tibial:SLC25A44:6.13313e-09:0.0002630016<br/>GTEx:Lung:SLC25A44:3.57365e-09:0.0003837798<br/>GTEx:Skin_Sun_Exposed_Lower_leg:SLC25A44:1.97549e-08:0.0002881303<br/>GTEx:Thyroid:SLC25A44:7.89369e-10:0.0002244938
1:156195888:C:T	1	156195888	rs2248074	rs1052053	1.88e-11	10.7258421507363	0.865681	0	5.334	5	PMF1:PMF1-BGLAP	intronic:intronic	6	5	5	4	5	7	5	7	5	5	5	5	4	7	5	6	5	7	5	5	6	6	4	4	7	5	5	GTEx:Esophagus_Mucosa:SEMA4A:9.31046e-09:0.0003122395<br/>GTEx:Thyroid:SLC25A44:2.32939e-08:0.0002244938
1:156195971:A:T	1	156195971	rs2248080	rs1052053	6.075e-11	10.2164537177296	0.855787	0	6.314	5	PMF1:PMF1-BGLAP	intronic:intronic	6	5	5	4	5	7	5	7	5	5	5	5	4	7	5	6	5	7	5	5	6	6	4	4	7	5	5	GTEx:Thyroid:SLC25A44:2.35002e-09:0.0002244938
1:156196016:C:T	1	156196016	rs2736613	rs1052053	2.865e-11	10.5428753736966	0.865681	0	0.1	2b	PMF1:PMF1-BGLAP	intronic:intronic	4	4	4	4	4	6	5	7	5	5	5	5	4	7	4	6	4	7	5	5	6	6	4	4	7	5	5	GTEx:Esophagus_Mucosa:SEMA4A:3.82791e-08:0.0003122395<br/>BIOSQTL:BIOS_eQTL_geneLevel:PMF1:2.72000e-13:0.0000000000
1:156196407:G:T	1	156196407	rs2842868	rs1052053	9.332e-09	8.03002526987829	0.704127	0	4.493	1b	PMF1:PMF1-BGLAP	intronic:intronic	4	4	4	4	4	6	4	6	5	5	4	4	4	4	4	6	4	6	5	5	4	4	4	4	2	5	4	GTEx:Esophagus_Mucosa:SEMA4A:3.01157e-08:0.0003122395<br/>GTEx:Lung:SLC25A44:4.31987e-08:0.0003837798
1:156197295:A:T	1	156197295	rs140471667	rs1052053	NA	0	0.872009	0	0.395	6	PMF1:PMF1-BGLAP	intronic:intronic	5	4	5	4	5	5	5	5	5	5	5	5	4	4	4	5	5	5	5	5	4	4	4	5	7	5	5	NA
1:156197380:C:T	1	156197380	rs2984613	rs1052053	1.718e-11	10.7649768405048	0.905022	0	0.921	6	PMF1:PMF1-BGLAP	intronic:intronic	5	4	5	4	5	5	5	5	5	5	5	5	4	4	4	5	5	5	5	5	4	4	4	5	7	5	5	GTEx:Skin_Sun_Exposed_Lower_leg:SLC25A44:3.90244e-08:0.0002881303<br/>GTEx:Thyroid:SLC25A44:9.57141e-10:0.0002244938
1:156197614:G:T	1	156197614	rs3001789	rs1052053	1.346e-11	10.870954940112	0.915376	0	8.4	7	PMF1:PMF1-BGLAP	intronic:intronic	5	4	5	4	5	5	5	5	5	5	5	5	4	4	4	5	5	5	5	5	4	4	4	5	7	5	5	NA
1:156198994:C:T	1	156198994	rs2758603	rs1052053	1.548e-11	10.8102290436531	0.915376	0	1.751	7	PMF1:PMF1-BGLAP	intronic:intronic	4	4	5	4	4	4	5	4	5	5	4	5	4	4	4	4	5	4	5	5	4	4	4	5	5	5	4	NA
1:156200445:C:G	1	156200445	rs2758605	rs1052053	3.089e-11	10.5101820916985	0.919439	0	0.295	5	PMF1:PMF1-BGLAP	intronic:intronic	4	4	5	5	4	4	5	4	5	5	5	5	4	4	4	4	5	5	5	5	5	4	4	5	5	5	4	NA
1:156200671:C:T	1	156200671	rs2842870	rs1052053	1.284e-11	10.8914349762672	0.930027	0	3.248	7	PMF1:PMF1-BGLAP	intronic:intronic	5	5	5	5	5	4	5	5	5	5	5	5	4	4	4	5	5	5	5	5	5	4	4	5	5	5	4	NA
1:156202173:A:G	1	156202173	rs1052053	rs1052053	2.253e-12	11.6472388082762	1	2	0.605	1b	PMF1:PMF1-BGLAP	exonic:exonic	5	5	5	5	4	4	5	6	5	5	4	5	4	4	4	5	5	5	5	5	7	7	4	5	5	7	4	NA
1:156202640:C:T	1	156202640	rs2736609	rs1052053	1.611e-11	10.7929044595808	0.919574	0	5.945	7	PMF1:PMF1-BGLAP	intronic:intronic	5	5	5	5	4	4	5	4	5	5	5	5	5	4	4	5	5	5	5	5	7	7	4	5	5	5	4	GTEx:Skin_Sun_Exposed_Lower_leg:SLC25A44:1.74492e-08:0.0002881303<br/>GTEx:Thyroid:SLC25A44:6.65319e-10:0.0002244938
1:156202759:A:G	1	156202759	rs2758607	rs1052053	1.559e-11	10.8071538848112	0.919574	0	7.71	6	PMF1:PMF1-BGLAP	intronic:intronic	5	5	5	5	4	4	5	4	5	5	5	5	5	4	4	5	5	5	5	5	7	7	4	5	5	5	4	GTEx:Skin_Sun_Exposed_Lower_leg:SLC25A44:1.82835e-08:0.0002881303<br/>GTEx:Thyroid:SLC25A44:6.91942e-10:0.0002244938
1:156202809:C:G	1	156202809	rs2251636	rs1052053	5.933e-12	11.2267256516625	0.958787	0	0.471	5	PMF1:PMF1-BGLAP	intronic:intronic	5	5	5	5	4	4	5	4	5	5	4	5	4	4	4	4	5	5	5	5	5	5	4	5	5	5	4	GTEx:Thyroid:SLC25A44:1.57579e-08:0.0002244938
1:156202860:A:T	1	156202860	rs2758608	rs1052053	2.185e-11	10.6605485586936	0.919574	0	0.148	5	PMF1:PMF1-BGLAP	intronic:intronic	5	5	5	5	4	4	5	4	5	5	4	5	4	4	4	4	5	5	5	5	5	5	4	5	5	5	4	GTEx:Skin_Sun_Exposed_Lower_leg:SLC25A44:1.82511e-08:0.0002881303<br/>GTEx:Thyroid:SLC25A44:6.91338e-10:0.0002244938
1:156202868:A:G	1	156202868	rs2758609	rs1052053	2.257e-11	10.6464684409222	0.919574	0	0.414	5	PMF1:PMF1-BGLAP	intronic:intronic	5	5	5	5	4	4	5	4	5	5	4	5	4	4	4	4	5	5	5	5	5	5	4	5	5	5	4	GTEx:Skin_Sun_Exposed_Lower_leg:SLC25A44:1.82511e-08:0.0002881303<br/>GTEx:Thyroid:SLC25A44:6.91226e-10:0.0002244938
1:156204047:A:G	1	156204047	rs2251847	rs1052053	2.218e-11	10.6540384581869	0.919439	0	3	NA	PMF1:PMF1-BGLAP	intronic:intronic	4	4	4	4	4	4	4	4	5	4	4	5	4	4	4	4	4	4	5	4	4	4	4	4	5	5	4	NA
1:156204653:C:T	1	156204653	rs2842873	rs1052053	5.862e-12	11.2319541858976	0.969813	0	0.901	6	PMF1:PMF1-BGLAP	intronic:intronic	4	4	4	4	4	4	5	4	5	4	4	5	4	4	4	4	4	4	5	5	4	4	4	4	4	5	4	NA
1:156205301:C:T	1	156205301	rs2758612	rs1052053	2.005e-10	9.6978856230438	0.922006	0	0.466	6	PMF1:PMF1-BGLAP	intronic:intronic	4	4	4	4	4	4	5	4	5	4	4	5	4	4	4	4	4	4	5	5	4	4	4	4	4	5	4	NA
1:156205383:A:C	1	156205383	rs2736611	rs1052053	2.73e-10	9.56383735295924	0.915376	0	1.199	6	PMF1:PMF1-BGLAP	intronic:intronic	4	4	4	4	4	4	5	4	5	4	4	5	4	4	4	4	4	4	5	5	4	4	4	4	4	5	4	NA
1:156206121:A:G	1	156206121	rs1052067	rs1052053	4.246e-07	6.37202001017002	0.63458	0	12.5	1f	PMF1:PMF1-BGLAP	exonic:exonic	4	4	4	4	4	4	4	4	5	4	4	4	4	4	4	4	4	4	4	5	4	4	4	4	4	5	4	GTEx:Whole_Blood:SEMA4A:2.4882e-08:0.0003338745
