No	uniqID	rsID	chr	pos	p	nSNPs	nGWASSNPs	interval
1	1:156202173:A:G	rs1052053	1	156202173	2.253e-12	79	75	1
2	4:111624389:A:G	rs6838131	4	111624389	2.073e-08	87	70	2
3	4:111646618:A:G	rs10032150	4	111646618	6.129e-09	16	15	2
4	4:111673642:A:G	rs72667982	4	111673642	4.987e-08	1	1	2
5	4:111677041:A:T	rs2634074	4	111677041	6.558e-14	47	43	2
6	4:111711041:C:T	rs4611994	4	111711041	6.234e-13	111	105	2
7	6:1337180:C:T	rs11242678	6	1337180	8.708e-10	10	9	3
8	6:1356916:A:G	rs4959130	6	1356916	1.127e-09	74	73	3
9	6:1364866:C:T	rs76110445	6	1364866	2.935e-08	34	33	3
10	7:19046946:A:G	rs2526619	7	19046946	3.353e-09	13	13	4
11	7:19049388:A:G	rs2107595	7	19049388	3.586e-11	10	9	4
12	9:22116071:C:T	rs1537375	9	22116071	1.241e-08	64	62	5
13	11:102687700:A:C	rs475937	11	102687700	2.916e-08	43	42	6
14	12:111833788:A:G	rs10774624	12	111833788	4.042e-12	18	18	7
15	12:112141570:A:G	rs847892	12	112141570	3.28e-08	50	50	7
16	12:112179471:C:T	rs4766897	12	112179471	6.133e-11	8	8	7
17	12:112840766:A:G	rs11066283	12	112840766	2.36e-11	20	20	7
18	13:47209347:G:T	rs4942561	13	47209347	2.048e-09	77	75	8
19	13:47250904:A:G	rs4942570	13	47250904	2.81e-08	57	57	8
