Interval	uniqID	rsID	chr	pos	p	nLeadSNPs	start	end	leadSNPs	nSNPs	nGWASSNPs
1	1:41773502:C:T	rs12744310	1	41773502	4.201e-09	1	41750648	41779673	rs12744310	28	28
2	2:71572917:G:T	rs6746731	2	71572917	4.878e-08	1	71572917	71572917	rs6746731	1	1
3	2:100852734:C:T	rs13010010	2	100852734	1.564e-08	1	100820431	100869702	rs13010010	11	11
4	2:144263280:A:G	rs10191758	2	144263280	3.056e-09	1	144204338	144263280	rs10191758	14	14
5	3:16859710:G:T	rs6779302	3	16859710	4.99e-08	1	16859710	16859710	rs6779302	1	1
6	3:24079291:A:G	rs7646501	3	24079291	1.789e-09	1	24075558	24113697	rs7646501	4	4
7	5:88029208:C:T	rs41352752	5	88029208	1.345e-08	1	88029208	88029208	rs41352752	1	1
8	6:98584733:A:C	rs9320913	6	98584733	3.794e-11	1	98547979	98588754	rs9320913	13	13
9	6:108895386:C:T	rs2490272	6	108895386	9.962e-14	1	108856378	109003321	rs2490272	27	27
10	7:32291761:C:T	rs10236197	7	32291761	1.029e-10	1	32264492	32395660	rs10236197	35	35
11	7:133630463:C:T	rs4728302	7	133630463	2.419e-09	1	133339511	133641505	rs4728302	45	45
12	9:72103314:A:G	rs11138902	9	72103314	4.124e-08	1	72103314	72103314	rs11138902	1	1
13	13:106639856:C:T	rs2251499	13	106639856	2.735e-10	1	106635351	106640634	rs2251499	21	21
14	16:28847246:C:T	rs12928404	16	28847246	1.154e-08	1	28825605	28895130	rs12928404	19	19
15	17:46306127:A:T	rs16954078	17	46306127	2.842e-08	1	46244948	46322604	rs16954078	7	7
16	22:42538399:C:T	rs36093924	22	42538399	2.867e-10	1	42363408	42600589	rs36093924	86	86
