No	uniqID	rsID	chr	pos	p	nSNPs	nGWASSNPs	interval
1	1:41773502:C:T	rs12744310	1	41773502	4.201e-09	28	28	1
2	2:71572917:G:T	rs6746731	2	71572917	4.878e-08	1	1	2
3	2:100852734:C:T	rs13010010	2	100852734	1.564e-08	11	11	3
4	2:144263280:A:G	rs10191758	2	144263280	3.056e-09	14	14	4
5	3:16859710:G:T	rs6779302	3	16859710	4.99e-08	1	1	5
6	3:24079291:A:G	rs7646501	3	24079291	1.789e-09	4	4	6
7	5:88029208:C:T	rs41352752	5	88029208	1.345e-08	1	1	7
8	6:98584733:A:C	rs9320913	6	98584733	3.794e-11	13	13	8
9	6:108895386:C:T	rs2490272	6	108895386	9.962e-14	27	27	9
10	7:32291761:C:T	rs10236197	7	32291761	1.029e-10	35	35	10
11	7:133630463:C:T	rs4728302	7	133630463	2.419e-09	45	45	11
12	9:72103314:A:G	rs11138902	9	72103314	4.124e-08	1	1	12
13	13:106639856:C:T	rs2251499	13	106639856	2.735e-10	21	21	13
14	16:28847246:C:T	rs12928404	16	28847246	1.154e-08	19	19	14
15	17:46306127:A:T	rs16954078	17	46306127	2.842e-08	7	7	15
16	22:42538399:C:T	rs36093924	22	42538399	2.867e-10	86	86	16
